0.000000 79840.159840159729000 319.360958721430340
0.100000 79840.060223884153000 319.559394368279190
0.200000 79839.761190480989000 320.155064512911110
0.300000 79839.262185855856000 321.149059452383140
0.400000 79838.562285297114000 322.543198626253340
0.500000 79837.660191642397000 324.340034036905880
0.600000 79836.554232707145000 326.542855043771280
0.700000 79835.242357970739000 329.155694537662440
0.800000 79833.722134514508000 332.183336502977910
0.900000 79831.990742204420000 335.631324976965570
1.000000 79830.044968110320000 339.505974417106530
1.100000 79827.881200151838000 343.814381489112860
1.200000 79825.495419960294000 348.564438289425030
1.300000 79822.883194944297000 353.764847017803220
1.400000 79820.039669545557000 359.425136116596490
1.500000 79816.959555670270000 365.555677894942790
1.600000 79813.637122279877000 372.167707656910410
1.700000 79810.066184124167000 379.273344353878090
1.800000 79806.240089597952000 386.885612782341700
1.900000 79802.151707701734000 395.018467348899720
2.000000 79797.793414085201000 403.686817425022750
2.100000 79793.157076151372000 412.906554314321970
2.200000 79788.234037198126000 422.694579855347910
2.300000 79783.015099572251000 433.068836682872530
2.400000 79777.490506810558000 444.048340170227280
2.500000 79771.649924741127000 455.653212074466350
2.600000 79765.482421516761000 467.904715905434780
2.700000 79758.976446552013000 480.825294038135550
2.800000 79752.119808333708000 494.438606586163980
2.900000 79744.899651074389000 508.769572051637790
3.000000 79737.302430177355000 523.844409764278110
3.100000 79729.313886480842000 539.690684118979560
3.200000 79720.919019249006000 556.337350617047040
3.300000 79712.102057875978000 573.814803711956300
3.400000 79702.846432270002000 592.154926454450670
3.500000 79693.134741883579000 611.391141926122600
3.600000 79682.948723355992000 631.558466442881920
3.700000 79672.269216734974000 652.693564501716650
3.800000 79661.076130244153000 674.834805434664530
3.900000 79649.348403564203000 698.022321723405870
4.000000 79637.063969596216000 722.298068915849290
4.100000 79624.199714677263000 747.705887072702130
4.200000 79610.731437219918000 774.291563657043410
4.300000 79596.633804749028000 802.102897763452120
4.400000 79581.880309312241000 831.189765564038230
4.500000 79566.443221243244000 861.604186829037870
4.600000 79550.293541260151000 893.400392355791610
4.700000 79533.400950886004000 926.634892116084190
4.800000 79515.733761182652000 961.366543902495780
4.900000 79497.258859794703000 997.656622225915270
5.000000 79477.941656306895000 1035.568887181173700
5.100000 79457.746025924833000 1075.169652963070100
5.200000 79436.634251497104000 1116.527855673524300
5.300000 79414.566963906065000 1159.715120019413200
5.400000 79391.503080864291000 1204.805824451287700
5.500000 79367.399744165232000 1251.877164244353000
5.600000 79342.212255448991000 1301.009211966983900
5.700000 79315.894010558113000 1352.284974722454100
5.800000 79288.396432573936000 1405.790447486535000
5.900000 79259.668903640428000 1461.614661794958200
6.000000 79229.658695702077000 1519.849728960699600
6.100000 79198.310900302124000 1580.590876924131000
6.200000 79165.568357610406000 1643.936479755361500
6.300000 79131.371584874330000 1709.988078740901100
6.400000 79095.658704513684000 1778.850393892998000
6.500000 79058.365372108092000 1850.631324624205700
6.600000 79019.424704558813000 1925.441938226768100
6.700000 78978.767208738544000 2003.396444690716600
6.800000 78936.320710981294000 2084.612156285844300
6.900000 78892.010287802259000 2169.209430218967600
7.000000 78845.758198279917000 2257.311592564029100
7.100000 78797.483818577355000 2349.044841545782200
7.200000 78747.103579127259000 2444.538128141617600
7.300000 78694.530905055042000 2543.923011851198700
7.400000 78639.676160467250000 2647.333489370666000
7.500000 78582.446597288872000 2754.905793800832700
7.600000 78522.746309390204000 2866.778161918631200
7.700000 78460.476192804621000 2983.090566949071700
7.800000 78395.533912900923000 3103.984414197648700
7.900000 78327.813879437876000 3229.602196839193800
8.000000 78257.207230493354000 3360.087109116873800
8.100000 78183.601826326718000 3495.582614185189900
8.200000 78106.882254298733000 3636.231963839151800
8.300000 78026.929846038474000 3782.177667414600400
8.400000 77943.622708109877000 3933.560907223712500
8.500000 77856.835767492317000 4090.520898016028200
8.600000 77766.440833246175000 4253.194188129687100
8.700000 77672.306675785992000 4421.713900229973700
8.800000 77574.299125230551000 4596.208909828417700
8.900000 77472.281190335605000 4776.802960141238100
9.000000 77366.113199542786000 4963.613712288886700
9.100000 77255.652965692439000 5156.751730366344400
9.200000 77140.755975952459000 5356.319401526568100
9.300000 77021.275608496144000 5562.409791934902400
9.400000 76897.063377432190000 5775.105440260846100
9.500000 76767.969207432718000 5994.477091285878500
9.600000 76633.841739427909000 6220.582373230859000
9.700000 76494.528668631552000 6453.464423524887000
9.800000 76349.877116027070000 6693.150468969664900
9.900000 76199.734034279943000 6939.650367574995500
