0.006000000000000 92595392.029292151000000
0.009000000000000 41111437.530718863000000
0.012000000000000 23105716.206961866000000
0.015000000000000 14776246.272799646000000
0.018000000000000 10248666.226923283000000
0.021000000000000 7521625.402145178100000
0.024000000000000 5748776.296416511800000
0.027000000000000 4533503.676933587500000
0.030000000000000 3664205.445535549900000
0.033000000000000 3022939.659142725200000
0.036000000000000 2533296.337254745000000
0.039000000000000 2151810.668961854200000
0.042000000000000 1850553.998232640800000
0.045000000000000 1607383.437940651300000
0.048000000000000 1407744.159609739400000
0.051000000000000 1242039.970097934100000
0.054000000000000 1104801.300033067600000
0.057000000000000 987391.338687731190000
0.060000000000000 887412.195568018590000
0.063000000000000 801267.194773250140000
0.066000000000000 727062.599787903950000
0.069000000000000 661808.352099965560000
0.072000000000000 605026.130587573750000
0.075000000000000 554835.516847305000000
0.078000000000000 510217.474232972890000
0.081000000000000 470654.914160654410000
0.084000000000000 435177.576361001760000
0.087000000000000 403537.564547923920000
0.090000000000000 374704.457255044540000
0.093000000000000 348677.201456100800000
0.096000000000000 325320.496723722490000
0.099000000000000 303911.941193732320000
0.102000000000000 284553.915376065760000
0.105000000000000 266663.883320050610000
0.108000000000000 250338.195217803240000
0.111000000000000 235355.885294689130000
0.114000000000000 221602.704068344610000
0.117000000000000 208853.228680150990000
0.120000000000000 197059.098489040970000
0.123000000000000 186233.215850434500000
0.126000000000000 175945.385492460690000
0.129000000000000 166635.426242297050000
0.132000000000000 157912.597128840750000
0.135000000000000 149811.487886047660000
0.138000000000000 142188.989060588880000
0.141000000000000 135094.571714021090000
0.144000000000000 128403.872808889650000
0.147000000000000 122175.791766312790000
0.150000000000000 116369.575274499410000
0.153000000000000 110913.917987072370000
0.156000000000000 105698.994179253390000
0.159000000000000 100895.907136194220000
0.162000000000000 96355.615072152199000
0.165000000000000 92035.984389713893000
0.168000000000000 88000.456485076051000
0.171000000000000 84145.882877933211000
0.174000000000000 80519.401550211653000
0.177000000000000 77083.422212145088000
0.180000000000000 73862.202965477743000
0.183000000000000 70776.452309203683000
0.186000000000000 67873.256176837211000
0.189000000000000 65099.143559493088000
0.192000000000000 62494.738634627036000
0.195000000000000 59989.313168033987000
0.198000000000000 57623.693710438718000
0.201000000000000 55377.127049868737000
0.204000000000000 53234.479121027383000
0.207000000000000 51198.887917307846000
0.210000000000000 49255.331354777692000
0.213000000000000 47392.962306809059000
0.216000000000000 45640.698208311318000
0.219000000000000 43939.925293568056000
0.222000000000000 42338.860694174582000
0.225000000000000 40805.933112582548000
0.228000000000000 39350.416984873729000
0.231000000000000 37936.134913616850000
0.234000000000000 36592.019788913211000
0.237000000000000 35307.520217013363000
0.240000000000000 34083.018911655483000
0.243000000000000 32903.002631027135000
0.246000000000000 31783.838355033611000
0.249000000000000 30714.944057782184000
0.252000000000000 29678.608379336096000
0.255000000000000 28672.385362224915000
0.258000000000000 27736.349834846445000
0.261000000000000 26817.359510755672000
0.264000000000000 25946.339550671881000
0.267000000000000 25112.071010863405000
0.270000000000000 24293.844171687739000
0.273000000000000 23518.400018074077000
0.276000000000000 22776.283203626735000
0.279000000000000 22055.457178558110000
0.282000000000000 21367.275355171285000
0.285000000000000 20702.320035768582000
0.288000000000000 20060.472785806629000
0.291000000000000 19450.656626633565000
0.294000000000000 18859.881613221743000
