0.004000000000000 0.000426667329712 26.675442965950939
0.006000000000000 0.000426667882690 11.855752569546457
0.008000000000000 0.000426668604861 6.668860930943573
0.010000000000000 0.000426669496224 4.268071086612454
0.012000000000000 0.000426670556784 2.963938331746919
0.014000000000000 0.000426671786536 2.177587412721054
0.016000000000000 0.000426673185486 1.667215422020523
0.018000000000000 0.000426674753637 1.317306065442569
0.020000000000000 0.000426676490985 1.067017960955964
0.022000000000000 0.000426678397533 0.881833069390947
0.024000000000000 0.000426680473288 0.740984772231293
0.026000000000000 0.000426682718247 0.631371677581538
0.028000000000000 0.000426685132415 0.544397042478628
0.030000000000000 0.000426687715790 0.474230345089644
0.032000000000000 0.000426690468382 0.416804044803361
0.034000000000000 0.000426693390187 0.369210532176443
0.036000000000000 0.000426696481216 0.329326705658045
0.038000000000000 0.000426699741462 0.295573024853015
0.040000000000000 0.000426703170936 0.266754679539675
0.042000000000000 0.000426706769637 0.241954381325626
0.044000000000000 0.000426710537572 0.220458456649056
0.046000000000000 0.000426714474746 0.201704923208118
0.048000000000000 0.000426718581157 0.185246382361479
0.050000000000000 0.000426722856814 0.170723085773997
0.052000000000000 0.000426727301721 0.157843108701639
0.054000000000000 0.000426731915883 0.146367564966718
0.056000000000000 0.000426736699301 0.136099449928590
0.058000000000000 0.000426741651986 0.126875128576025
0.060000000000000 0.000426746773937 0.118557775583917
0.062000000000000 0.000426752065164 0.111032272033570
0.064000000000000 0.000426757525668 0.104201200515485
0.066000000000000 0.000426763155459 0.097981676525440
0.068000000000000 0.000426768954541 0.092302822361420
0.070000000000000 0.000426774922920 0.087103738831545
0.072000000000000 0.000426781060603 0.082331865734925
0.074000000000000 0.000426787367594 0.077941648226222
0.076000000000000 0.000426793843901 0.073893445537243
0.078000000000000 0.000426800489530 0.070152633001449
0.080000000000000 0.000426807304492 0.066688859212404
0.082000000000000 0.000426814288788 0.063475428429250
0.084000000000000 0.000426821442429 0.060488784662563
0.086000000000000 0.000426828765419 0.057708078748020
0.088000000000000 0.000426836257770 0.055114803497383
0.090000000000000 0.000426843919486 0.052692484958932
0.092000000000000 0.000426851750578 0.050426420141032
0.094000000000000 0.000426859751052 0.048303453372704
0.096000000000000 0.000426867920918 0.046311784933746
0.098000000000000 0.000426876260179 0.044440806738812
0.100000000000000 0.000426884768853 0.042680960791228
0.102000000000000 0.000426893446941 0.041023616871059
0.104000000000000 0.000426902294455 0.039460966527631
0.106000000000000 0.000426911311404 0.037985930938192
0.108000000000000 0.000426920497797 0.036592080598646
0.110000000000000 0.000426929853645 0.035273565141057
0.112000000000000 0.000426939378954 0.034025051844084
0.114000000000000 0.000426949073735 0.032841671628292
0.116000000000000 0.000426958938006 0.031718971511114
0.118000000000000 0.000426968971763 0.030652872654952
0.120000000000000 0.000426979175027 0.029639633268434
0.122000000000000 0.000426989547804 0.028675815728739
0.124000000000000 0.000427000090106 0.027758257386256
0.126000000000000 0.000427010801946 0.026884044586742
0.128000000000000 0.000427021683330 0.026050489512383
0.130000000000000 0.000427032734277 0.025255109497449
0.132000000000000 0.000427043954787 0.024495608520750
0.134000000000000 0.000427055344883 0.023769860617595
0.136000000000000 0.000427066904572 0.023075894985806
0.138000000000000 0.000427078633865 0.022411882592408
0.140000000000000 0.000427090532772 0.021776124109520
0.142000000000000 0.000427102601314 0.021167039031350
0.144000000000000 0.000427114839493 0.020583155841758
0.146000000000000 0.000427127247330 0.020023103118176
0.148000000000000 0.000427139824833 0.019485601471135
0.150000000000000 0.000427152572016 0.018969456231383
0.152000000000000 0.000427165488894 0.018473550805653
0.154000000000000 0.000427178575477 0.017996840632836
0.156000000000000 0.000427191831782 0.017538347678653
0.158000000000000 0.000427205257820 0.017097155415528
0.160000000000000 0.000427218853606 0.016672404238491
0.162000000000000 0.000427232619157 0.016263287274988
0.164000000000000 0.000427246554478 0.015869046550020
0.166000000000000 0.000427260659597 0.015488969473131
0.168000000000000 0.000427274934516 0.015122385615807
0.170000000000000 0.000427289379258 0.014768663753214
0.172000000000000 0.000427303993835 0.014427209144868
0.174000000000000 0.000427318778262 0.014097461033274
0.176000000000000 0.000427333732551 0.013778890340038
0.178000000000000 0.000427348856725 0.013470997542303
0.180000000000000 0.000427364150795 0.013173310713477
0.182000000000000 0.000427379614775 0.012885383713636
0.184000000000000 0.000427395248686 0.012606794517185
0.186000000000000 0.000427411052539 0.012337143665321
0.188000000000000 0.000427427026355 0.012076052833482
0.190000000000000 0.000427443170147 0.011823163503505
0.192000000000000 0.000427459483935 0.011578135732338
0.194000000000000 0.000427475967730 0.011340647008886
0.196000000000000 0.000427492621556 0.011110391192375
