0.004000000000000 25.008226585970057
0.006000000000000 11.114767533050502
0.008000000000000 6.252056864743691
0.010000000000000 4.001316498251412
0.012000000000000 2.778692101636646
0.014000000000000 2.041488151931949
0.016000000000000 1.563014434587137
0.018000000000000 1.234974429194329
0.020000000000000 1.000329342977161
0.022000000000000 0.826718515804848
0.024000000000000 0.694673243828974
0.026000000000000 0.591910972730420
0.028000000000000 0.510372256403226
0.030000000000000 0.444590980895472
0.032000000000000 0.390753827069758
0.034000000000000 0.346134911215967
0.036000000000000 0.308743825725340
0.038000000000000 0.277099751558151
0.040000000000000 0.250082554181330
0.042000000000000 0.226832275771685
0.044000000000000 0.206679847399138
0.046000000000000 0.189098410680320
0.048000000000000 0.173668529412198
0.050000000000000 0.160052939546887
0.052000000000000 0.147977961648973
0.054000000000000 0.137219639939688
0.056000000000000 0.127593282577194
0.058000000000000 0.118945481746132
0.060000000000000 0.111147963711132
0.062000000000000 0.104092804490023
0.064000000000000 0.097688675267338
0.066000000000000 0.091857871823995
0.068000000000000 0.086533946316789
0.070000000000000 0.081659805756782
0.072000000000000 0.077186174958290
0.074000000000000 0.073070346255728
0.076000000000000 0.069275156430709
0.078000000000000 0.065768144860362
0.080000000000000 0.062520857101889
0.082000000000000 0.059508265900062
0.084000000000000 0.056708287515640
0.086000000000000 0.054101375858203
0.088000000000000 0.051670180439388
0.090000000000000 0.049399256930583
0.092000000000000 0.047274821277431
0.094000000000000 0.045284540039296
0.096000000000000 0.043417350979138
0.098000000000000 0.041663309017195
0.100000000000000 0.040013453531939
0.102000000000000 0.038459693692819
0.104000000000000 0.036994709077662
0.106000000000000 0.035611863290348
0.108000000000000 0.034305128671234
0.110000000000000 0.033069020500506
0.112000000000000 0.031898539352397
0.114000000000000 0.030789120464868
0.116000000000000 0.029736589167120
0.118000000000000 0.028737121549196
0.120000000000000 0.027787209681661
0.122000000000000 0.026883630793351
0.124000000000000 0.026023419900480
0.126000000000000 0.025203845452258
0.128000000000000 0.024422387619585
0.130000000000000 0.023676718903523
0.132000000000000 0.022964686784333
0.134000000000000 0.022284298170123
0.136000000000000 0.021633705434037
0.138000000000000 0.021011193857678
0.140000000000000 0.020415170321265
0.142000000000000 0.019844153100702
0.144000000000000 0.019296762649653
0.146000000000000 0.018771713259478
0.148000000000000 0.018267805502743
0.150000000000000 0.017783919376991
0.152000000000000 0.017319008076105
0.154000000000000 0.016872092324046
0.156000000000000 0.016442255213801
0.158000000000000 0.016028637500810
0.160000000000000 0.015630433305373
0.162000000000000 0.015246886184545
0.164000000000000 0.014877285536862
0.166000000000000 0.014520963308707
0.168000000000000 0.014177290973460
0.170000000000000 0.013845676757798
0.172000000000000 0.013525563092588
0.174000000000000 0.013216424267730
0.176000000000000 0.012917764272198
0.178000000000000 0.012629114803374
0.180000000000000 0.012350033430069
0.182000000000000 0.012080101896167
0.184000000000000 0.011818924552650
0.186000000000000 0.011566126906942
0.188000000000000 0.011321354279760
0.190000000000000 0.011084270560373
0.192000000000000 0.010854557052141
0.194000000000000 0.010631911400976
0.196000000000000 0.010416046599874
