0.040000000000000 62.643437521834649
0.050000000000000 40.090690651733411
0.060000000000000 27.839815847427499
0.070000000000000 20.452924772020406
0.080000000000000 15.658548394444509
0.090000000000000 12.371539776480535
0.100000000000000 10.020361890706777
0.110000000000000 8.280756200128426
0.120000000000000 6.957643450877941
0.130000000000000 5.927950656495016
0.140000000000000 5.110920990708363
0.150000000000000 4.451783194085416
0.160000000000000 3.912327252417532
0.170000000000000 3.465239413084869
0.180000000000000 3.090575501415234
0.190000000000000 2.773497494474976
0.200000000000000 2.502781480814544
0.210000000000000 2.269810557541350
0.220000000000000 2.067880556323400
0.230000000000000 1.891712279275186
0.240000000000000 1.737102914427844
0.250000000000000 1.600673026780914
0.260000000000000 1.479680308469939
0.270000000000000 1.371880689888485
0.280000000000000 1.275423531827425
0.290000000000000 1.188771665578265
0.300000000000000 1.110639769586233
0.310000000000000 1.039946429795922
0.320000000000000 0.975776518134659
0.330000000000000 0.917351426983420
0.340000000000000 0.864005339251841
0.350000000000000 0.815166174845203
0.360000000000000 0.770340189202779
0.370000000000000 0.729099445273160
0.380000000000000 0.691071562179927
0.390000000000000 0.655931279727839
0.400000000000000 0.623393480245439
0.410000000000000 0.593207386967570
0.420000000000000 0.565151717594535
0.430000000000000 0.539030617437348
0.440000000000000 0.514670232060120
0.450000000000000 0.491915807023919
0.460000000000000 0.470629224081827
0.470000000000000 0.450686900346042
0.480000000000000 0.431977990574478
0.490000000000000 0.414402843605364
0.500000000000000 0.397871672691268
0.510000000000000 0.382303406515137
0.520000000000000 0.367624693365300
0.530000000000000 0.353769035571785
0.540000000000000 0.340676035090309
0.550000000000000 0.328290734215048
0.560000000000000 0.316563037955191
0.570000000000000 0.305447206715757
0.580000000000000 0.294901409670421
0.590000000000000 0.284887330668622
0.600000000000000 0.275369819730862
0.610000000000000 0.266316584204275
0.620000000000000 0.257697914502158
0.630000000000000 0.249486440071869
0.640000000000000 0.241656911842165
0.650000000000000 0.234186007916732
0.660000000000000 0.227052159717845
0.670000000000000 0.220235396156598
0.680000000000000 0.213717203724997
0.690000000000000 0.207480400677677
0.700000000000000 0.201509023704132
0.710000000000000 0.195788225694707
0.720000000000000 0.190304183375885
0.730000000000000 0.185044013741431
0.740000000000000 0.179995698334222
0.750000000000000 0.175148014547786
0.760000000000000 0.170490473213166
0.770000000000000 0.166013261822179
0.780000000000000 0.161707192813431
0.790000000000000 0.157563656410856
0.800000000000000 0.153574577563055
0.810000000000000 0.149732376580603
0.820000000000000 0.146029933112970
0.830000000000000 0.142460553144934
0.840000000000000 0.139017938726814
0.850000000000000 0.135696160182689
0.860000000000000 0.132489630567425
0.870000000000000 0.129393082167002
0.880000000000000 0.126401544857362
0.890000000000000 0.123510326155758
0.900000000000000 0.120714992814870
0.910000000000000 0.118011353825093
0.920000000000000 0.115395444702780
0.930000000000000 0.112863512954918
0.940000000000000 0.110412004620203
0.950000000000000 0.108037551796751
0.960000000000000 0.105736961074302
0.970000000000000 0.103507202796957
0.980000000000000 0.101345401088927
