0.024000000000000 0.480132794533646
0.036000000000000 0.480074550965639
0.048000000000000 0.479998417439601
0.060000000000000 0.479904408142719
0.072000000000000 0.479792540641043
0.084000000000000 0.479662835872645
0.096000000000000 0.479515318137382
0.108000000000000 0.479350015086264
0.120000000000000 0.479166957706528
0.132000000000000 0.478966180309873
0.144000000000000 0.478747720515836
0.156000000000000 0.478511619232396
0.168000000000000 0.478257920640884
0.180000000000000 0.477986672171751
0.192000000000000 0.477697924485099
0.204000000000000 0.477391731446271
0.216000000000000 0.477068150101851
0.228000000000000 0.476727240653286
0.240000000000000 0.476369066429065
0.252000000000000 0.475993693855477
0.264000000000000 0.475601192428588
0.276000000000000 0.475191634679361
0.288000000000000 0.474765096143789
0.300000000000000 0.474321655327246
0.312000000000000 0.473861393669208
0.324000000000000 0.473384395508358
0.336000000000000 0.472890748042554
0.348000000000000 0.472380541291771
0.360000000000000 0.471853868058094
0.372000000000000 0.471310823883564
0.384000000000000 0.470751507009732
0.396000000000000 0.470176018333601
0.408000000000000 0.469584461364182
0.420000000000000 0.468976942177042
0.432000000000000 0.468353569369052
0.444000000000000 0.467714454012260
0.456000000000000 0.467059709604388
0.468000000000000 0.466389452023025
0.480000000000000 0.465703799474762
0.492000000000000 0.465002872446311
0.504000000000000 0.464286793654890
0.516000000000000 0.463555687993946
0.528000000000000 0.462809682486340
0.540000000000000 0.462048906228113
0.552000000000000 0.461273490337594
0.564000000000000 0.460483567901832
0.576000000000000 0.459679273922567
0.588000000000000 0.458860745263662
0.600000000000000 0.458028120594222
0.612000000000000 0.457181540335710
0.624000000000000 0.456321146606618
0.636000000000000 0.455447083165907
0.648000000000000 0.454559495360026
0.660000000000000 0.453658530063953
0.672000000000000 0.452744335628105
0.684000000000000 0.451817061820788
0.696000000000000 0.450876859773237
0.708000000000000 0.449923881921822
0.720000000000000 0.448958281954448
0.732000000000000 0.447980214752490
0.744000000000000 0.446989836335670
0.756000000000000 0.445987303806950
0.768000000000000 0.444972775294334
0.780000000000000 0.443946409898532
0.792000000000000 0.442908367635115
0.804000000000000 0.441858809380665
0.816000000000000 0.440797896817815
0.828000000000000 0.439725792380058
0.840000000000000 0.438642659198260
0.852000000000000 0.437548661046201
0.864000000000000 0.436443962287420
0.876000000000000 0.435328727822073
0.888000000000000 0.434203123034040
0.900000000000000 0.433067313738920
0.912000000000000 0.431921466132585
0.924000000000000 0.430765746738847
0.936000000000000 0.429600322359878
0.948000000000000 0.428425360026314
0.960000000000000 0.427241026945520
0.972000000000000 0.426047490456000
0.984000000000000 0.424844917975450
0.996000000000000 0.423633476956302
1.008000000000000 0.422413334835241
1.020000000000000 0.421184658989971
1.032000000000000 0.419947616691460
1.044000000000000 0.418702375059679
1.056000000000000 0.417449101018412
1.068000000000000 0.416187961253092
1.080000000000000 0.414919122166832
1.092000000000000 0.413642749837710
1.104000000000000 0.412359009979615
1.116000000000000 0.411068067899068
1.128000000000000 0.409770088456310
1.140000000000000 0.408465236029009
1.152000000000000 0.407153674467647
1.164000000000000 0.405835567065268
1.176000000000000 0.404511076515824
