0.024000000000000 833.953374642855580
0.036000000000000 370.645087928787120
0.048000000000000 208.487187408891230
0.060000000000000 133.431244696562260
0.072000000000000 92.660115124137576
0.084000000000000 68.076409703089610
0.096000000000000 52.120639145546249
0.108000000000000 41.181415163524967
0.120000000000000 33.356652376591938
0.132000000000000 27.567212613143930
0.144000000000000 23.163868650792857
0.156000000000000 19.737031404334168
0.168000000000000 17.017940721314400
0.180000000000000 14.824316877421854
0.192000000000000 13.028996266627322
0.204000000000000 11.541078235047237
0.216000000000000 10.294188215175199
0.228000000000000 9.238945003147087
0.240000000000000 8.337995222381071
0.252000000000000 7.562661667044230
0.264000000000000 6.890632745938517
0.276000000000000 6.304339194818661
0.288000000000000 5.789793980894602
0.300000000000000 5.335750284563418
0.312000000000000 4.933081656653647
0.324000000000000 4.574319793769334
0.336000000000000 4.253305735870828
0.348000000000000 3.964923758325595
0.360000000000000 3.704896288298259
0.372000000000000 3.469624360741260
0.384000000000000 3.256062413320474
0.396000000000000 3.061619226192732
0.408000000000000 2.884078948411637
0.420000000000000 2.721537687415409
0.432000000000000 2.572352252700302
0.444000000000000 2.435098462325655
0.456000000000000 2.308537026291114
0.468000000000000 2.191585473065805
0.480000000000000 2.083294926156948
0.492000000000000 1.982830796221955
0.504000000000000 1.889456652026738
0.516000000000000 1.802520685881699
0.528000000000000 1.721444307336715
0.540000000000000 1.645712491074409
0.552000000000000 1.574865577323403
0.564000000000000 1.508492280251193
0.576000000000000 1.446223705140969
0.588000000000000 1.387728211378081
0.600000000000000 1.332706987297945
0.612000000000000 1.280890226348006
0.624000000000000 1.232033812964221
0.636000000000000 1.185916441958509
0.648000000000000 1.142337107810200
0.660000000000000 1.101112910545842
0.672000000000000 1.062077133398786
0.684000000000000 1.025077554439867
0.696000000000000 0.989974960197056
0.708000000000000 0.956641834105174
0.720000000000000 0.924961196676693
0.732000000000000 0.894825577662553
0.744000000000000 0.866136103307245
0.756000000000000 0.838801684206572
0.768000000000000 0.812738291287894
0.780000000000000 0.787868309155756
0.792000000000000 0.764119957493008
0.804000000000000 0.741426772458425
0.816000000000000 0.719727141069740
0.828000000000000 0.698963882478506
0.840000000000000 0.679083870812403
0.852000000000000 0.660037694939903
0.864000000000000 0.641779351077970
0.876000000000000 0.624265964673356
0.888000000000000 0.607457538411782
0.900000000000000 0.591316723587784
0.912000000000000 0.575808612392483
0.924000000000000 0.560900548960137
0.936000000000000 0.546561957262391
0.948000000000000 0.532764184154478
0.960000000000000 0.519480356068472
0.972000000000000 0.506685248013718
0.984000000000000 0.494355163690769
0.996000000000000 0.482467825655412
1.008000000000000 0.471002274580019
1.020000000000000 0.459938776762131
1.032000000000000 0.449258739116923
1.044000000000000 0.438944630969588
1.056000000000000 0.428979912033616
1.068000000000000 0.419348966021035
1.080000000000000 0.410037039387224
1.092000000000000 0.401030184762315
1.104000000000000 0.392315208662175
1.116000000000000 0.383879623114312
1.128000000000000 0.375711600866732
1.140000000000000 0.367799933879660
1.152000000000000 0.360133994827339
1.164000000000000 0.352703701364900
1.176000000000000 0.345499482933331
