0.004000000000000 0.016867206331138
0.006000000000000 0.016867154336425
0.008000000000000 0.016867086428046
0.010000000000000 0.016867002603987
0.012000000000000 0.016866902866428
0.014000000000000 0.016866787223188
0.016000000000000 0.016866655662113
0.018000000000000 0.016866508195833
0.020000000000000 0.016866344824037
0.022000000000000 0.016866165538101
0.024000000000000 0.016865970347756
0.026000000000000 0.016865759246514
0.028000000000000 0.016865532237129
0.030000000000000 0.016865289331650
0.032000000000000 0.016865030520894
0.034000000000000 0.016864755802760
0.036000000000000 0.016864465186276
0.038000000000000 0.016864158667434
0.040000000000000 0.016863836248522
0.042000000000000 0.016863497939974
0.044000000000000 0.016863143722478
0.046000000000000 0.016862773626243
0.048000000000000 0.016862387630058
0.050000000000000 0.016861985742817
0.052000000000000 0.016861567973177
0.054000000000000 0.016861134307374
0.056000000000000 0.016860684764500
0.058000000000000 0.016860219338836
0.060000000000000 0.016859738029631
0.062000000000000 0.016859240832507
0.064000000000000 0.016858727777936
0.066000000000000 0.016858198839051
0.068000000000000 0.016857654031455
0.070000000000000 0.016857093352779
0.072000000000000 0.016856516809705
0.074000000000000 0.016855924396688
0.076000000000000 0.016855316132145
0.078000000000000 0.016854692011325
0.080000000000000 0.016854052027214
0.082000000000000 0.016853396191113
0.084000000000000 0.016852724513252
0.086000000000000 0.016852036974754
0.088000000000000 0.016851333606683
0.090000000000000 0.016850614395663
0.092000000000000 0.016849879347590
0.094000000000000 0.016849128460213
0.096000000000000 0.016848361748690
0.098000000000000 0.016847579209759
0.100000000000000 0.016846780853540
0.102000000000000 0.016845966664785
0.104000000000000 0.016845136679435
0.106000000000000 0.016844290862315
0.108000000000000 0.016843429249586
0.110000000000000 0.016842551837838
0.112000000000000 0.016841658611706
0.114000000000000 0.016840749598651
0.116000000000000 0.016839824792514
0.118000000000000 0.016838884199449
0.120000000000000 0.016837927823716
0.122000000000000 0.016836955667334
0.124000000000000 0.016835967738902
0.126000000000000 0.016834964042692
0.128000000000000 0.016833944580202
0.130000000000000 0.016832909352913
0.132000000000000 0.016831858369320
0.134000000000000 0.016830791642590
0.136000000000000 0.016829709162500
0.138000000000000 0.016828610950297
0.140000000000000 0.016827496989542
0.142000000000000 0.016826367307895
0.144000000000000 0.016825221893189
0.146000000000000 0.016824060764202
0.148000000000000 0.016822883916657
0.150000000000000 0.016821691362139
0.152000000000000 0.016820483091534
0.154000000000000 0.016819259137956
0.156000000000000 0.016818019479926
0.158000000000000 0.016816764140357
0.160000000000000 0.016815493117318
0.162000000000000 0.016814206410833
0.164000000000000 0.016812904040760
0.166000000000000 0.016811586013476
0.168000000000000 0.016810252310319
0.170000000000000 0.016808902970734
0.172000000000000 0.016807537970909
0.174000000000000 0.016806157341735
0.176000000000000 0.016804761074306
0.178000000000000 0.016803349174137
0.180000000000000 0.016801921665917
0.182000000000000 0.016800478535187
0.184000000000000 0.016799019793303
0.186000000000000 0.016797545455719
0.188000000000000 0.016796055523519
0.190000000000000 0.016794550003568
0.192000000000000 0.016793028899916
0.194000000000000 0.016791492216929
0.196000000000000 0.016789939973203
