0.040000000000000 0.100176679570324
0.050000000000000 0.100166219508276
0.060000000000000 0.100153856469557
0.070000000000000 0.100139591645588
0.080000000000000 0.100123426411766
0.090000000000000 0.100105362326473
0.100000000000000 0.100085401131163
0.110000000000000 0.100063544749606
0.120000000000000 0.100039795287629
0.130000000000000 0.100014155032405
0.140000000000000 0.099986626452143
0.150000000000000 0.099957212195327
0.160000000000000 0.099925915089934
0.170000000000000 0.099892738143120
0.180000000000000 0.099857684540185
0.190000000000000 0.099820757643739
0.200000000000000 0.099781960993400
0.210000000000000 0.099741298304073
0.220000000000000 0.099698773465993
0.230000000000000 0.099654390542967
0.240000000000000 0.099608153772123
0.250000000000000 0.099560067562196
0.260000000000000 0.099510136492955
0.270000000000000 0.099458365313880
0.280000000000000 0.099404758943226
0.290000000000000 0.099349322466439
0.300000000000000 0.099292061135532
0.310000000000000 0.099232980367240
0.320000000000000 0.099172085742161
0.330000000000000 0.099109383003165
0.340000000000000 0.099044878054275
0.350000000000000 0.098978576959044
0.360000000000000 0.098910485939266
0.370000000000000 0.098840611373379
0.380000000000000 0.098768959795394
0.390000000000000 0.098695537892552
0.400000000000000 0.098620352504732
0.410000000000000 0.098543410622118
0.420000000000000 0.098464719383952
0.430000000000000 0.098384286076752
0.440000000000000 0.098302118132826
0.450000000000000 0.098218223128273
0.460000000000000 0.098132608781545
0.470000000000000 0.098045282951375
0.480000000000000 0.097956253635396
0.490000000000000 0.097865528967971
0.500000000000000 0.097773117218625
0.510000000000000 0.097679026790014
0.520000000000000 0.097583266216128
0.530000000000000 0.097485844160490
0.540000000000000 0.097386769413911
0.550000000000000 0.097286050893090
0.560000000000000 0.097183697638146
0.570000000000000 0.097079718810775
0.580000000000000 0.096974123692698
0.590000000000000 0.096866921682887
0.600000000000000 0.096758122296074
0.610000000000000 0.096647735160762
0.620000000000000 0.096535770016768
0.630000000000000 0.096422236713416
0.640000000000000 0.096307145207499
0.650000000000000 0.096190505561027
0.660000000000000 0.096072327939342
0.670000000000000 0.095952622608615
0.680000000000000 0.095831399934208
0.690000000000000 0.095708670378190
0.700000000000000 0.095584444497386
0.710000000000000 0.095458732941065
0.720000000000000 0.095331546448966
0.730000000000000 0.095202895848975
0.740000000000000 0.095072792055094
0.750000000000000 0.094941246065177
0.760000000000000 0.094808268958891
0.770000000000000 0.094673871895226
0.780000000000000 0.094538066110873
0.790000000000000 0.094400862917321
0.800000000000000 0.094262273699382
0.810000000000000 0.094122309912613
0.820000000000000 0.093980983081093
0.830000000000000 0.093838304795584
0.840000000000000 0.093694286710957
0.850000000000000 0.093548940544460
0.860000000000000 0.093402278073105
0.870000000000000 0.093254311131689
0.880000000000000 0.093105051610910
0.890000000000000 0.092954511454707
0.900000000000000 0.092802702658445
0.910000000000000 0.092649637266912
0.920000000000000 0.092495327371664
0.930000000000000 0.092339785109302
0.940000000000000 0.092183022659655
0.950000000000000 0.092025052242584
0.960000000000000 0.091865886117391
0.970000000000000 0.091705536579316
0.980000000000000 0.091544015958521
