0.004000000000000 0.480198153242829
0.006000000000000 0.480196534864809
0.008000000000000 0.480194418916705
0.010000000000000 0.480191805408974
0.012000000000000 0.480188694351552
0.014000000000000 0.480185085768197
0.016000000000000 0.480180979670788
0.018000000000000 0.480176376083902
0.020000000000000 0.480171275030495
0.022000000000000 0.480165676538863
0.024000000000000 0.480159580636538
0.026000000000000 0.480152987355604
0.028000000000000 0.480145896732441
0.030000000000000 0.480138308801723
0.032000000000000 0.480130223604541
0.034000000000000 0.480121641183760
0.036000000000000 0.480112561583275
0.038000000000000 0.480102984852098
0.040000000000000 0.480092911039018
0.042000000000000 0.480082340195348
0.044000000000000 0.480071272382265
0.046000000000000 0.480059707652224
0.048000000000000 0.480047646069304
0.050000000000000 0.480035087692022
0.052000000000000 0.480022032593502
0.054000000000000 0.480008480836470
0.056000000000000 0.479994432493922
0.058000000000000 0.479979887641351
0.060000000000000 0.479964846352841
0.062000000000000 0.479949308707627
0.064000000000000 0.479933274786542
0.066000000000000 0.479916744676227
0.068000000000000 0.479899718463281
0.070000000000000 0.479882196232425
0.072000000000000 0.479864178082354
0.074000000000000 0.479845664101744
0.076000000000000 0.479826654392141
0.078000000000000 0.479807149050941
0.080000000000000 0.479787148180314
0.082000000000000 0.479766651888503
0.084000000000000 0.479745660278051
0.086000000000000 0.479724173460767
0.088000000000000 0.479702191553498
0.090000000000000 0.479679714666225
0.092000000000000 0.479656742918835
0.094000000000000 0.479633276432298
0.096000000000000 0.479609315328813
0.098000000000000 0.479584859734498
0.100000000000000 0.479559909778901
0.102000000000000 0.479534465590369
0.104000000000000 0.479508527303296
0.106000000000000 0.479482095052937
0.108000000000000 0.479455168982203
0.110000000000000 0.479427749224478
0.112000000000000 0.479399835930151
0.114000000000000 0.479371429243492
0.116000000000000 0.479342529309960
0.118000000000000 0.479313136286051
0.120000000000000 0.479283250323215
0.122000000000000 0.479252871578774
0.124000000000000 0.479222000209474
0.126000000000000 0.479190636380255
0.128000000000000 0.479158780252772
0.130000000000000 0.479126431996190
0.132000000000000 0.479093591776069
0.134000000000000 0.479060259769555
0.136000000000000 0.479026436144702
0.138000000000000 0.478992121085751
0.140000000000000 0.478957314762607
0.142000000000000 0.478922017367550
0.144000000000000 0.478886229079748
0.146000000000000 0.478849950084169
0.148000000000000 0.478813180575028
0.150000000000000 0.478775920744064
0.152000000000000 0.478738170780993
0.154000000000000 0.478699930890525
0.156000000000000 0.478661201264460
0.158000000000000 0.478621982110125
0.160000000000000 0.478582273632440
0.162000000000000 0.478542076036704
0.164000000000000 0.478501389532392
0.166000000000000 0.478460214332756
0.168000000000000 0.478418550653392
0.170000000000000 0.478376398709383
0.172000000000000 0.478333758722828
0.174000000000000 0.478290630914040
0.176000000000000 0.478247015509130
0.178000000000000 0.478202912736012
0.180000000000000 0.478158322822375
0.182000000000000 0.478113246001697
0.184000000000000 0.478067682508607
0.186000000000000 0.478021632579816
0.188000000000000 0.477975096455255
0.190000000000000 0.477928074377790
0.192000000000000 0.477880566592078
0.194000000000000 0.477832573344629
0.196000000000000 0.477784094883426
