0.004000000000000 387.731692857741390
0.006000000000000 172.325192117912930
0.008000000000000 96.932916960101593
0.010000000000000 62.037063870426763
0.012000000000000 43.081291834819957
0.014000000000000 31.651559160971736
0.016000000000000 24.233223034100551
0.018000000000000 19.147236218136403
0.020000000000000 15.509259762686895
0.022000000000000 12.817568617399120
0.024000000000000 10.770316749504145
0.026000000000000 9.177073403031551
0.028000000000000 7.912883580421259
0.030000000000000 6.892999739852249
0.032000000000000 6.058299549572549
0.034000000000000 5.366520454507386
0.036000000000000 4.786802843530965
0.038000000000000 4.296187852746225
0.040000000000000 3.877308729215667
0.042000000000000 3.516832543829985
0.044000000000000 3.204385941373222
0.046000000000000 2.931800420472110
0.048000000000000 2.692572973594447
0.050000000000000 2.481474602164085
0.052000000000000 2.294262135117393
0.054000000000000 2.127463324834919
0.056000000000000 1.978214677979215
0.058000000000000 1.844137734197417
0.060000000000000 1.723243716399255
0.062000000000000 1.613859353196635
0.064000000000000 1.514568667222775
0.066000000000000 1.424166919467147
0.068000000000000 1.341623891628553
0.070000000000000 1.266054404280087
0.072000000000000 1.196694487050389
0.074000000000000 1.132881992967774
0.076000000000000 1.074040737267155
0.078000000000000 1.019667445172299
0.080000000000000 0.969320954257418
0.082000000000000 0.922613237766951
0.084000000000000 0.879201905719101
0.086000000000000 0.838783912322565
0.088000000000000 0.801090252683339
0.090000000000000 0.765881475299279
0.092000000000000 0.732943870089262
0.094000000000000 0.702086217145663
0.096000000000000 0.673137005741132
0.098000000000000 0.645942045816247
0.100000000000000 0.620362410306623
0.102000000000000 0.596272657638511
0.104000000000000 0.573559290755811
0.106000000000000 0.552119417919571
0.108000000000000 0.531859585260568
0.110000000000000 0.512694756765864
0.112000000000000 0.494547420549599
0.114000000000000 0.477346803690716
0.116000000000000 0.461028181508836
0.118000000000000 0.445532267395264
0.120000000000000 0.430804673841889
0.122000000000000 0.416795434472923
0.124000000000000 0.403458579703689
0.126000000000000 0.390751759089902
0.128000000000000 0.378635904787249
0.130000000000000 0.367074930873361
0.132000000000000 0.356035464335217
0.134000000000000 0.345486603917658
0.136000000000000 0.335399703723414
0.138000000000000 0.325748178467828
0.140000000000000 0.316507328162630
0.142000000000000 0.307654179876679
0.144000000000000 0.299167344970598
0.146000000000000 0.291026889534955
0.148000000000000 0.283214217472581
0.150000000000000 0.275711964074047
0.152000000000000 0.268503899474783
0.154000000000000 0.261574840833837
0.156000000000000 0.254910572270624
0.158000000000000 0.248497771897511
0.160000000000000 0.242323945244996
0.162000000000000 0.236377364272320
0.164000000000000 0.230647011719253
0.166000000000000 0.225122529949620
0.168000000000000 0.219794174192329
0.170000000000000 0.214652769503707
0.172000000000000 0.209689671217700
0.174000000000000 0.204896728660260
0.176000000000000 0.200266251581836
0.178000000000000 0.195790979341533
0.180000000000000 0.191464052413432
0.182000000000000 0.187278986087204
0.184000000000000 0.183229646155962
0.186000000000000 0.179310226417355
0.188000000000000 0.175515227863947
0.190000000000000 0.171839439393945
0.192000000000000 0.168277919864706
0.194000000000000 0.164825981537384
0.196000000000000 0.161479174609406
