0.004000000000000 0.000400000740436
0.006000000000000 0.000400001378483
0.008000000000000 0.000400002211756
0.010000000000000 0.000400003240249
0.012000000000000 0.000400004463966
0.014000000000000 0.000400005882907
0.016000000000000 0.000400007497075
0.018000000000000 0.000400009306472
0.020000000000000 0.000400011311096
0.022000000000000 0.000400013510954
0.024000000000000 0.000400015906045
0.026000000000000 0.000400018496371
0.028000000000000 0.000400021281937
0.030000000000000 0.000400024262744
0.032000000000000 0.000400027438798
0.034000000000000 0.000400030810097
0.036000000000000 0.000400034376646
0.038000000000000 0.000400038138455
0.040000000000000 0.000400042095517
0.042000000000000 0.000400046247846
0.044000000000000 0.000400050595438
0.046000000000000 0.000400055138306
0.048000000000000 0.000400059876445
0.050000000000000 0.000400064809866
0.052000000000000 0.000400069938574
0.054000000000000 0.000400075262572
0.056000000000000 0.000400080781865
0.058000000000000 0.000400086496459
0.060000000000000 0.000400092406362
0.062000000000000 0.000400098511578
0.064000000000000 0.000400104812114
0.066000000000000 0.000400111307975
0.068000000000000 0.000400117999167
0.070000000000000 0.000400124885701
0.072000000000000 0.000400131967580
0.074000000000000 0.000400139244811
0.076000000000000 0.000400146717402
0.078000000000000 0.000400154385366
0.080000000000000 0.000400162248701
0.082000000000000 0.000400170307422
0.084000000000000 0.000400178561532
0.086000000000000 0.000400187011045
0.088000000000000 0.000400195655966
0.090000000000000 0.000400204496306
0.092000000000000 0.000400213532070
0.094000000000000 0.000400222763269
0.096000000000000 0.000400232189916
0.098000000000000 0.000400241812015
0.100000000000000 0.000400251629580
0.102000000000000 0.000400261642617
0.104000000000000 0.000400271851139
0.106000000000000 0.000400282255155
0.108000000000000 0.000400292854677
0.110000000000000 0.000400303649712
0.112000000000000 0.000400314640277
0.114000000000000 0.000400325826377
0.116000000000000 0.000400337208025
0.118000000000000 0.000400348785238
0.120000000000000 0.000400360558019
0.122000000000000 0.000400372526384
0.124000000000000 0.000400384690347
0.126000000000000 0.000400397049917
0.128000000000000 0.000400409605109
0.130000000000000 0.000400422355933
0.132000000000000 0.000400435302405
0.134000000000000 0.000400448444533
0.136000000000000 0.000400461782339
0.138000000000000 0.000400475315826
0.140000000000000 0.000400489045015
0.142000000000000 0.000400502969919
0.144000000000000 0.000400517090549
0.146000000000000 0.000400531406922
0.148000000000000 0.000400545919051
0.150000000000000 0.000400560626950
0.152000000000000 0.000400575530636
0.154000000000000 0.000400590630124
0.156000000000000 0.000400605925426
0.158000000000000 0.000400621416562
0.160000000000000 0.000400637103543
0.162000000000000 0.000400652986391
0.164000000000000 0.000400669065115
0.166000000000000 0.000400685339735
0.168000000000000 0.000400701810265
0.170000000000000 0.000400718476728
0.172000000000000 0.000400735339134
0.174000000000000 0.000400752397503
0.176000000000000 0.000400769651851
0.178000000000000 0.000400787102195
0.180000000000000 0.000400804748557
0.182000000000000 0.000400822590947
0.184000000000000 0.000400840629391
0.186000000000000 0.000400858863904
0.188000000000000 0.000400877294501
0.190000000000000 0.000400895921207
0.192000000000000 0.000400914744036
0.194000000000000 0.000400933763008
0.196000000000000 0.000400952978145
