0.004000000000000 30022.375427227682000
0.006000000000000 13343.277111702113000
0.008000000000000 7505.592701188205900
0.010000000000000 4803.578773928439700
0.012000000000000 3335.818122112831100
0.014000000000000 2450.804742103165600
0.016000000000000 1876.397019455578400
0.018000000000000 1482.584975876118700
0.020000000000000 1200.893537630018500
0.022000000000000 992.473730557763700
0.024000000000000 833.953374642855580
0.026000000000000 710.587262814766290
0.028000000000000 612.700029588818210
0.030000000000000 533.729604883248730
0.032000000000000 469.098098880924680
0.034000000000000 415.533088041285960
0.036000000000000 370.645087928787120
0.038000000000000 332.656375203182390
0.040000000000000 300.222228304230610
0.042000000000000 272.310267820318640
0.044000000000000 248.117276465377930
0.046000000000000 227.010760722777550
0.048000000000000 208.487187408891230
0.050000000000000 192.141671015394370
0.052000000000000 177.645659368245160
0.054000000000000 164.730293541768130
0.056000000000000 153.173850970519990
0.058000000000000 142.792165564188510
0.060000000000000 133.431244696562260
0.062000000000000 124.961525621685180
0.064000000000000 117.273368091550070
0.066000000000000 110.273488187426650
0.068000000000000 103.882115270223680
0.070000000000000 98.030709203585516
0.072000000000000 92.660115124137576
0.074000000000000 87.719062477426419
0.076000000000000 83.162936818173279
0.078000000000000 78.952769166054154
0.080000000000000 75.054399962128073
0.082000000000000 71.437783984496832
0.084000000000000 68.076409703089610
0.086000000000000 64.946812035441368
0.088000000000000 62.028161719461146
0.090000000000000 59.301917837674509
0.092000000000000 56.751532632216396
0.094000000000000 54.362199806910368
0.096000000000000 52.120639145546249
0.098000000000000 50.014911579479929
0.100000000000000 48.034259882137221
0.102000000000000 46.168971010922078
0.104000000000000 44.410256798606895
0.106000000000000 42.750150251419676
0.108000000000000 41.181415163524967
0.110000000000000 39.697467128577010
0.112000000000000 38.292304335563522
0.114000000000000 36.960446787630467
0.116000000000000 35.696882792083713
0.118000000000000 34.497021744850130
0.120000000000000 33.356652376591938
0.122000000000000 32.271905750237210
0.124000000000000 31.239222402550418
0.126000000000000 30.255323106787191
0.128000000000000 29.317182807973740
0.130000000000000 28.422007343421200
0.132000000000000 27.567212613143930
0.134000000000000 26.750405910183879
0.136000000000000 25.969369158379997
0.138000000000000 25.222043838312363
0.140000000000000 24.506517409515130
0.142000000000000 23.821011062169788
0.144000000000000 23.163868650792857
0.146000000000000 22.533546682162854
0.148000000000000 21.928605243506119
0.150000000000000 21.347699771832676
0.152000000000000 20.789573576364837
0.154000000000000 20.253051036179571
0.156000000000000 19.737031404334168
0.158000000000000 19.240483157669797
0.160000000000000 18.762438837621705
0.162000000000000 18.301990334363129
0.164000000000000 17.858284570787575
0.166000000000000 17.430519548541163
0.168000000000000 17.017940721314400
0.170000000000000 16.619837665253243
0.172000000000000 16.235541018590741
0.174000000000000 15.864419666261345
0.176000000000000 15.505878147066763
0.178000000000000 15.159354263679358
0.180000000000000 14.824316877421854
0.182000000000000 14.500263871804334
0.184000000000000 14.186720270161926
0.186000000000000 13.883236494140304
0.188000000000000 13.589386751247078
0.190000000000000 13.304767540508722
0.192000000000000 13.028996266627322
0.194000000000000 12.761709953471495
0.196000000000000 12.502564049148956
