0.004000000000000 0.021033737511413
0.006000000000000 0.021033672164207
0.008000000000000 0.021033586811441
0.010000000000000 0.021033481469621
0.012000000000000 0.021033356128072
0.014000000000000 0.021033210786735
0.016000000000000 0.021033045438338
0.018000000000000 0.021032860104052
0.020000000000000 0.021032654777221
0.022000000000000 0.021032429445913
0.024000000000000 0.021032184146786
0.026000000000000 0.021031918818577
0.028000000000000 0.021031633521111
0.030000000000000 0.021031328235349
0.032000000000000 0.021031002954260
0.034000000000000 0.021030657690758
0.036000000000000 0.021030292445122
0.038000000000000 0.021029907212785
0.040000000000000 0.021029501990742
0.042000000000000 0.021029076806601
0.044000000000000 0.021028631630941
0.046000000000000 0.021028166476522
0.048000000000000 0.021027681364893
0.050000000000000 0.021027176273587
0.052000000000000 0.021026651215343
0.054000000000000 0.021026106171579
0.056000000000000 0.021025541201399
0.058000000000000 0.021024956233263
0.060000000000000 0.021024351322946
0.062000000000000 0.021023726457492
0.064000000000000 0.021023081636612
0.066000000000000 0.021022416864179
0.068000000000000 0.021021732150101
0.070000000000000 0.021021027485867
0.072000000000000 0.021020302881986
0.074000000000000 0.021019558338929
0.076000000000000 0.021018793864980
0.078000000000000 0.021018009462919
0.080000000000000 0.021017205138680
0.082000000000000 0.021016380865615
0.084000000000000 0.021015536707760
0.086000000000000 0.021014672609650
0.088000000000000 0.021013788613068
0.090000000000000 0.021012884704792
0.092000000000000 0.021011960888063
0.094000000000000 0.021011017177873
0.096000000000000 0.021010053577548
0.098000000000000 0.021009070076369
0.100000000000000 0.021008066694063
0.102000000000000 0.021007043438998
0.104000000000000 0.021006000283343
0.106000000000000 0.021004937288641
0.108000000000000 0.021003854402680
0.110000000000000 0.021002751669632
0.112000000000000 0.021001629061454
0.114000000000000 0.021000486626870
0.116000000000000 0.020999324321057
0.118000000000000 0.020998142186090
0.120000000000000 0.020996940223857
0.122000000000000 0.020995718412981
0.124000000000000 0.020994476793663
0.126000000000000 0.020993215340212
0.128000000000000 0.020991934091730
0.130000000000000 0.020990633024380
0.132000000000000 0.020989312152997
0.134000000000000 0.020987971497283
0.136000000000000 0.020986611044021
0.138000000000000 0.020985230811255
0.140000000000000 0.020983830804093
0.142000000000000 0.020982411010901
0.144000000000000 0.020980971473205
0.146000000000000 0.020979512189493
0.148000000000000 0.020978033117818
0.150000000000000 0.020976534338783
0.152000000000000 0.020975015805306
0.154000000000000 0.020973477541704
0.156000000000000 0.020971919555259
0.158000000000000 0.020970341863566
0.160000000000000 0.020968744446621
0.162000000000000 0.020967127356472
0.164000000000000 0.020965490538820
0.166000000000000 0.020963834057998
0.168000000000000 0.020962157889569
0.170000000000000 0.020960462050099
0.172000000000000 0.020958746558670
0.174000000000000 0.020957011395599
0.176000000000000 0.020955256600061
0.178000000000000 0.020953482156771
0.180000000000000 0.020951688077060
0.182000000000000 0.020949874382919
0.184000000000000 0.020948041079250
0.186000000000000 0.020946188148943
0.188000000000000 0.020944315647287
0.190000000000000 0.020942423540477
0.192000000000000 0.020940511846214
0.194000000000000 0.020938580590034
0.196000000000000 0.020936629775479
