0.004000000000000 0.006201645795241
0.006000000000000 0.006201627912212
0.008000000000000 0.006201604557667
0.010000000000000 0.006201575731068
0.012000000000000 0.006201541433342
0.014000000000000 0.006201501663336
0.016000000000000 0.006201456423259
0.018000000000000 0.006201405710967
0.020000000000000 0.006201349528813
0.022000000000000 0.006201287876777
0.024000000000000 0.006201220752010
0.026000000000000 0.006201148159032
0.028000000000000 0.006201070096144
0.030000000000000 0.006200986563975
0.032000000000000 0.006200897562959
0.034000000000000 0.006200803093417
0.036000000000000 0.006200703154749
0.038000000000000 0.006200597749514
0.040000000000000 0.006200486876754
0.042000000000000 0.006200370537006
0.044000000000000 0.006200248731918
0.046000000000000 0.006200121460303
0.048000000000000 0.006199988723692
0.050000000000000 0.006199850523114
0.052000000000000 0.006199706857669
0.054000000000000 0.006199557729457
0.056000000000000 0.006199403138766
0.058000000000000 0.006199243086735
0.060000000000000 0.006199077572130
0.062000000000000 0.006198906598713
0.064000000000000 0.006198730164088
0.066000000000000 0.006198548271495
0.068000000000000 0.006198360920766
0.070000000000000 0.006198168111792
0.072000000000000 0.006197969847039
0.074000000000000 0.006197766127743
0.076000000000000 0.006197556952952
0.078000000000000 0.006197342322697
0.080000000000000 0.006197122242716
0.082000000000000 0.006196896709431
0.084000000000000 0.006196665725197
0.086000000000000 0.006196429291943
0.088000000000000 0.006196187410207
0.090000000000000 0.006195940079587
0.092000000000000 0.006195687303183
0.094000000000000 0.006195429081192
0.096000000000000 0.006195165415751
0.098000000000000 0.006194896305282
0.100000000000000 0.006194621755357
0.102000000000000 0.006194341763724
0.104000000000000 0.006194056332056
0.106000000000000 0.006193765463490
0.108000000000000 0.006193469157061
0.110000000000000 0.006193167414745
0.112000000000000 0.006192860239483
0.114000000000000 0.006192547630243
0.116000000000000 0.006192229590577
0.118000000000000 0.006191906119429
0.120000000000000 0.006191577221652
0.122000000000000 0.006191242894843
0.124000000000000 0.006190903143285
0.126000000000000 0.006190557967497
0.128000000000000 0.006190207369501
0.130000000000000 0.006189851349430
0.132000000000000 0.006189489909813
0.134000000000000 0.006189123053373
0.136000000000000 0.006188750780222
0.138000000000000 0.006188373092030
0.140000000000000 0.006187989991382
0.142000000000000 0.006187601479196
0.144000000000000 0.006187207557750
0.146000000000000 0.006186808227143
0.148000000000000 0.006186403493085
0.150000000000000 0.006185993352666
0.152000000000000 0.006185577811928
0.154000000000000 0.006185156867437
0.156000000000000 0.006184730527243
0.158000000000000 0.006184298788836
0.160000000000000 0.006183861655357
0.162000000000000 0.006183419129435
0.164000000000000 0.006182971212744
0.166000000000000 0.006182517906325
0.168000000000000 0.006182059212472
0.170000000000000 0.006181595135621
0.172000000000000 0.006181125673400
0.174000000000000 0.006180650832366
0.176000000000000 0.006180170611335
0.178000000000000 0.006179685013237
0.180000000000000 0.006179194041294
0.182000000000000 0.006178697696843
0.184000000000000 0.006178195983494
0.186000000000000 0.006177688900475
0.188000000000000 0.006177176452151
0.190000000000000 0.006176658640988
0.192000000000000 0.006176135468022
0.194000000000000 0.006175606936577
0.196000000000000 0.006175073047917
