0.004000000000000 1315.045876906989600
0.006000000000000 584.464817272799340
0.008000000000000 328.761445799463330
0.010000000000000 210.407314051757080
0.012000000000000 146.116180747098040
0.014000000000000 107.350655080520000
0.016000000000000 82.190338024235302
0.018000000000000 64.940507416857798
0.020000000000000 52.601805104229655
0.022000000000000 43.472560750950834
0.024000000000000 36.529021733126562
0.026000000000000 31.125315656805256
0.028000000000000 26.837640305462958
0.030000000000000 23.378562629930151
0.032000000000000 20.547561022697295
0.034000000000000 18.201296155149464
0.036000000000000 16.235103368987723
0.038000000000000 14.571114491886471
0.040000000000000 13.150427776678219
0.042000000000000 11.927822734074301
0.044000000000000 10.868116686958126
0.046000000000000 9.943605039351720
0.048000000000000 9.132231934989864
0.050000000000000 8.416262493232821
0.052000000000000 7.781305409672704
0.054000000000000 7.215584080991855
0.056000000000000 6.709386568782644
0.058000000000000 6.254645994161820
0.060000000000000 5.844617144214724
0.062000000000000 5.473624885714485
0.064000000000000 5.136866734553337
0.066000000000000 4.830256652630506
0.068000000000000 4.550300511179326
0.070000000000000 4.293996099353779
0.072000000000000 4.058752308481220
0.074000000000000 3.842323371890247
0.076000000000000 3.642755082698077
0.078000000000000 3.458340511442735
0.080000000000000 3.287583395751966
0.082000000000000 3.129167688986330
0.084000000000000 2.981932127118984
0.086000000000000 2.844848889645150
0.088000000000000 2.717005608577405
0.090000000000000 2.597590150424290
0.092000000000000 2.485877687203284
0.094000000000000 2.381219672106937
0.096000000000000 2.283034401491100
0.098000000000000 2.190798918361359
0.100000000000000 2.104042031527166
0.102000000000000 2.022338290228493
0.104000000000000 1.945302751678033
0.106000000000000 1.872586445365136
0.108000000000000 1.803872409238394
0.110000000000000 1.738872231745669
0.112000000000000 1.677323020818056
0.114000000000000 1.618984739744764
0.116000000000000 1.563637866020935
0.118000000000000 1.511081321293519
0.120000000000000 1.461130642192022
0.122000000000000 1.413616361408534
0.124000000000000 1.368382565934464
0.126000000000000 1.325285619034440
0.128000000000000 1.284193016428447
0.130000000000000 1.244982367695461
0.132000000000000 1.207540483600558
0.134000000000000 1.171762558304577
0.136000000000000 1.137551435291178
0.138000000000000 1.104816946623049
0.140000000000000 1.073475319310173
0.142000000000000 1.043448637275267
0.144000000000000 1.014664357922714
0.146000000000000 0.987054872547562
0.148000000000000 0.960557109949136
0.150000000000000 0.935112175517687
0.152000000000000 0.910665023155247
0.154000000000000 0.887164158277527
0.156000000000000 0.864561365647107
0.158000000000000 0.842811462426501
0.160000000000000 0.821872071569818
0.162000000000000 0.801703416251163
0.164000000000000 0.782268129388101
0.166000000000000 0.763531082007930
0.168000000000000 0.745459223191200
0.170000000000000 0.728021434926610
0.172000000000000 0.711188397621438
0.174000000000000 0.694932467002707
0.176000000000000 0.679227560627374
0.178000000000000 0.664049053033904
0.180000000000000 0.649373679159206
0.182000000000000 0.635179445224955
0.184000000000000 0.621445546111804
0.186000000000000 0.608152289483323
0.188000000000000 0.595281024669840
0.190000000000000 0.582814077243243
0.192000000000000 0.570734688838673
0.194000000000000 0.559026960249306
0.196000000000000 0.547675799486057
