0.059200000000000 2.914257347132559
0.078800000000000 1.644696163987636
0.098400000000000 1.054642551453198
0.118000000000000 0.733296169622128
0.137600000000000 0.539194038034740
0.157200000000000 0.413053170057097
0.176800000000000 0.326487225151904
0.196400000000000 0.264519685738898
0.216000000000000 0.218642354568231
0.235600000000000 0.183731086648725
0.255200000000000 0.156550291840716
0.274800000000000 0.134975318799050
0.294400000000000 0.117564282887205
0.314000000000000 0.103310747671868
0.333600000000000 0.091494946957266
0.353200000000000 0.081591102886433
0.372800000000000 0.073207908137275
0.392400000000000 0.066049271971646
0.412000000000000 0.059887812408075
0.431600000000000 0.054546574881111
0.451200000000000 0.049886183938209
0.470800000000000 0.045795658053534
0.490400000000000 0.042185740839845
0.510000000000000 0.038983990549177
0.529600000000000 0.036131117317726
0.549200000000000 0.033578218555631
0.568800000000000 0.031284669316870
0.588400000000000 0.029216496131518
0.608000000000000 0.027345111702071
0.627600000000000 0.025646321761367
0.647200000000000 0.024099539189817
0.666800000000000 0.022687157392269
0.686400000000000 0.021394047092401
0.706000000000000 0.020207149522934
0.725600000000000 0.019115145473835
0.745200000000000 0.018108184452734
0.764800000000000 0.017177661792300
0.784400000000000 0.016316034248947
0.804000000000000 0.015516666674188
0.823600000000000 0.014773703919789
0.843200000000000 0.014081963336974
0.862800000000000 0.013436844172872
0.882400000000000 0.012834250894287
0.902000000000000 0.012270528045543
0.921600000000000 0.011742404698839
0.941200000000000 0.011246946916245
0.960800000000000 0.010781516929909
