0.040000000000000 0.010198776523580
0.050000000000000 0.010197785065095
0.060000000000000 0.010196613518894
0.070000000000000 0.010195261993788
0.080000000000000 0.010193730609456
0.090000000000000 0.010192019505669
0.100000000000000 0.010190128836389
0.110000000000000 0.010188058772504
0.120000000000000 0.010185809500608
0.130000000000000 0.010183381224126
0.140000000000000 0.010180774161219
0.150000000000000 0.010177988547380
0.160000000000000 0.010175024632568
0.170000000000000 0.010171882684640
0.180000000000000 0.010168562985973
0.190000000000000 0.010165065832594
0.200000000000000 0.010161391541344
0.210000000000000 0.010157540440325
0.220000000000000 0.010153512875421
0.230000000000000 0.010149309205522
0.240000000000000 0.010144929808746
0.250000000000000 0.010140375074419
0.260000000000000 0.010135645410540
0.270000000000000 0.010130741238886
0.280000000000000 0.010125662993980
0.290000000000000 0.010120411129335
0.300000000000000 0.010114986111532
0.310000000000000 0.010109388421597
0.320000000000000 0.010103618554360
0.330000000000000 0.010097677022391
0.340000000000000 0.010091564347801
0.350000000000000 0.010085281073055
0.360000000000000 0.010078827749149
0.370000000000000 0.010072204945229
0.380000000000000 0.010065413241034
0.390000000000000 0.010058453234809
0.400000000000000 0.010051325532648
0.410000000000000 0.010044030759268
0.420000000000000 0.010036569550270
0.430000000000000 0.010028942555199
0.440000000000000 0.010021150437404
0.450000000000000 0.010013193872019
0.460000000000000 0.010005073547846
0.470000000000000 0.009996790166841
0.480000000000000 0.009988344443483
0.490000000000000 0.009979737103598
0.500000000000000 0.009970968887791
0.510000000000000 0.009962040544718
0.520000000000000 0.009952952841207
0.530000000000000 0.009943706549544
0.540000000000000 0.009934302458369
0.550000000000000 0.009924741365484
0.560000000000000 0.009915024081045
0.570000000000000 0.009905151426911
0.580000000000000 0.009895124233362
0.590000000000000 0.009884943346643
0.600000000000000 0.009874609618794
0.610000000000000 0.009864123914832
0.620000000000000 0.009853487109992
0.630000000000000 0.009842700090079
0.640000000000000 0.009831763749010
0.650000000000000 0.009820678993990
0.660000000000000 0.009809446738676
0.670000000000000 0.009798067909190
0.680000000000000 0.009786543437115
0.690000000000000 0.009774874269217
0.700000000000000 0.009763061354255
0.710000000000000 0.009751105655329
0.720000000000000 0.009739008142365
0.730000000000000 0.009726769792699
0.740000000000000 0.009714391593949
0.750000000000000 0.009701874540462
0.760000000000000 0.009689219634558
0.770000000000000 0.009676427887565
0.780000000000000 0.009663500316517
0.790000000000000 0.009650437948122
0.800000000000000 0.009637241814878
0.810000000000000 0.009623912955005
0.820000000000000 0.009610452417572
0.830000000000000 0.009596861253507
0.840000000000000 0.009583140524353
0.850000000000000 0.009569291294552
0.860000000000000 0.009555314637890
0.870000000000000 0.009541211631138
0.880000000000000 0.009526983358757
0.890000000000000 0.009512630909483
0.900000000000000 0.009498155379285
0.910000000000000 0.009483557867379
0.920000000000000 0.009468839477529
0.930000000000000 0.009454001321366
0.940000000000000 0.009439044512572
0.950000000000000 0.009423970169709
0.960000000000000 0.009408779415864
0.970000000000000 0.009393473378751
0.980000000000000 0.009378053188977
