0.004000000000000 1054.551029578732400
0.006000000000000 468.689333091064840
0.008000000000000 263.637739039428990
0.010000000000000 168.728143899907540
0.012000000000000 117.172314736193930
0.014000000000000 86.085775643231514
0.016000000000000 65.909416222277727
0.018000000000000 52.076570597164313
0.020000000000000 42.182017545149023
0.022000000000000 34.861167191265658
0.024000000000000 29.293060174818944
0.026000000000000 24.959763594863436
0.028000000000000 21.521425410119623
0.030000000000000 18.747549619107041
0.032000000000000 16.477335551073441
0.034000000000000 14.595837669428709
0.036000000000000 13.019124143898397
0.038000000000000 11.684751545605112
0.040000000000000 10.545485862840900
0.042000000000000 9.565064244389575
0.044000000000000 8.715273285475396
0.046000000000000 7.973896329352667
0.048000000000000 7.323246521448129
0.050000000000000 6.749102058390568
0.052000000000000 6.239922374792426
0.054000000000000 5.786263669089929
0.056000000000000 5.380337825049985
0.058000000000000 5.015675916376543
0.060000000000000 4.686868872518003
0.062000000000000 4.389365739020598
0.064000000000000 4.119315348730425
0.066000000000000 3.873441054022355
0.068000000000000 3.648940872806811
0.070000000000000 3.443407298428294
0.072000000000000 3.254762486172614
0.074000000000000 3.081205531686866
0.076000000000000 2.921169331019980
0.078000000000000 2.773285080113361
0.080000000000000 2.636352904680009
0.082000000000000 2.509317453279012
0.084000000000000 2.391247494632754
0.086000000000000 2.281318805087008
0.088000000000000 2.178799747451077
0.090000000000000 2.083039062729749
0.092000000000000 1.993455501612353
0.094000000000000 1.909528986452423
0.096000000000000 1.830793042449571
0.098000000000000 1.756828304530924
0.100000000000000 1.687256919113242
0.102000000000000 1.621737710600591
0.104000000000000 1.559961990700074
0.106000000000000 1.501649914077652
0.108000000000000 1.446547305994514
0.110000000000000 1.394422885761574
0.112000000000000 1.345065836680244
0.114000000000000 1.298283670906773
0.116000000000000 1.253900350556964
0.118000000000000 1.211754628158935
0.120000000000000 1.171698580840821
0.122000000000000 1.133596310312632
0.124000000000000 1.097322788385378
0.126000000000000 1.062762830910357
0.128000000000000 1.029810180989031
0.130000000000000 0.998366692425121
0.132000000000000 0.968341597451373
0.134000000000000 0.939650850981572
0.136000000000000 0.912216541978186
0.138000000000000 0.885966363760516
0.140000000000000 0.860833137748810
0.142000000000000 0.836754382037494
0.144000000000000 0.813671923800467
0.146000000000000 0.791531547093521
0.148000000000000 0.770282674182759
0.150000000000000 0.749878076697603
0.152000000000000 0.730273612607786
0.154000000000000 0.711427987788164
0.156000000000000 0.693302537856366
0.158000000000000 0.675861030114220
0.160000000000000 0.659069482065357
0.162000000000000 0.642895995853806
0.164000000000000 0.627310606826094
0.166000000000000 0.612285144263374
0.168000000000000 0.597793104361826
0.170000000000000 0.583809533230272
0.172000000000000 0.570310919114662
0.174000000000000 0.557275093838639
0.176000000000000 0.544681141466564
0.178000000000000 0.532509314569307
0.180000000000000 0.520740956655926
0.182000000000000 0.509358430578237
0.184000000000000 0.498345052541183
0.186000000000000 0.487685030957845
0.188000000000000 0.477363409571189
0.190000000000000 0.467366015261706
0.192000000000000 0.457679409103326
0.194000000000000 0.448290841476596
0.196000000000000 0.439188209793135
