0.010000000000000 0.795675684576646 39.922103226370552 0.006262826368697
0.020000000000000 1.594077231541580 39.928055397037845 0.006263774873757
0.030000000000000 2.392477344486537 39.937975660584122 0.006265353269312
0.040000000000000 3.190875306311464 39.951863999250072 0.006267561569277
0.050000000000000 3.989270400037270 39.969720388174736 0.006270399800453
0.060000000000000 4.787661908344489 39.991544795394219 0.006273867984884
0.070000000000000 5.586049114235887 40.017337181840716 0.006277966156955
0.080000000000000 6.384431300610108 40.047097501344140 0.006282694354734
0.090000000000000 7.182807750386549 40.080825700631472 0.006288052621462
0.100000000000000 7.981177746535503 40.118521719327575 0.006294041008395
0.110000000000000 8.779540571927763 40.160185489955488 0.006300659567782
0.120000000000000 9.577895509629807 40.205816937935332 0.006307908362210
0.130000000000000 10.376241842606481 40.255415981585678 0.006315787458385
0.140000000000000 11.174578853818010 40.308982532124759 0.006324296925241
0.150000000000000 11.972905826436081 40.366516493668975 0.006333436845507
0.160000000000000 12.771222043329331 40.428017763233591 0.006343207297125
0.170000000000000 13.569526787722310 40.493486230734931 0.006353608371858
0.180000000000000 14.367819342679931 40.562921778987466 0.006364640162530
0.190000000000000 15.166098991396643 40.636324283708106 0.006376302771204
0.200000000000000 15.964365016971319 40.713693613513655 0.006388596301894
0.210000000000000 16.762616702639360 40.795029629922844 0.006401520865545
0.220000000000000 17.560853331692574 40.880332187356032 0.006415076579834
0.230000000000000 18.359074187411792 40.969601133136614 0.006429263567451
0.240000000000000 19.157278553107346 41.062836307490990 0.006444081956258
0.250000000000000 19.955465712149188 41.160037543548597 0.006459531879677
0.260000000000000 20.753634947972870 41.261204667344330 0.006475613479672
0.270000000000000 21.551785543901687 41.366337497816517 0.006492326896299
0.280000000000000 22.349916783613725 41.475435846810555 0.006509672284843
0.290000000000000 23.148027950551981 41.588499519077772 0.006527649799262
0.300000000000000 23.946118328355038 41.705528312276620 0.006546259601983
0.310000000000000 24.744187200684564 41.826522016973492 0.006565501862181
0.320000000000000 25.542233851159846 41.951480416641886 0.006585376749413
0.330000000000000 26.340257563679518 42.080403287667203 0.006605884445881
0.340000000000000 27.138257621997443 42.213290399342974 0.006627025137452
0.350000000000000 27.936233309846159 42.350141513875485 0.006648799007665
0.360000000000000 28.734183911418352 42.490956386381768 0.006671206259102
0.370000000000000 29.532108710561953 42.635734764891772 0.006694247089974
0.380000000000000 30.330006991384860 42.784476390350484 0.006717921709112
0.390000000000000 31.127878037958634 42.937180996616405 0.006742230327778
0.400000000000000 31.925721134512745 43.093848310464395 0.006767173164221
0.410000000000000 32.723535565356393 43.254478051585771 0.006792750443679
0.420000000000000 33.521320614801859 43.419069932590610 0.006818962396724
0.430000000000000 34.319075567186417 43.587623659006496 0.006845809254865
0.440000000000000 35.116799707150527 43.760138929282725 0.006873291263652
0.450000000000000 35.914492319149382 43.936615434787264 0.006901408668483
0.460000000000000 36.712152687795573 44.117052859812780 0.006930161719773
0.470000000000000 37.509780097897121 44.301450881574127 0.006959550677880
0.480000000000000 38.307373834212584 44.489809170211871 0.006989575805613
0.490000000000000 39.104933181639083 44.682127388790775 0.007020237372459
0.500000000000000 39.902457425156236 44.878405193304296 0.007051535653538
0.510000000000000 40.699945849830854 45.078642232672500 0.007083470930086
0.520000000000000 41.497397740794334 45.282838148747558 0.007116043488224
0.530000000000000 42.294812383289795 45.490992576310930 0.007149253619486
0.540000000000000 43.092189062689123 45.703105143076854 0.007183101623525
0.550000000000000 43.889527064359228 45.919175469693549 0.007217587801898
0.560000000000000 44.686825673875411 46.139203169744519 0.007252712464630
0.570000000000000 45.484084176868770 46.363187849749430 0.007288475928355
0.580000000000000 46.281301858979255 46.591129109166495 0.007324878510063
0.590000000000000 47.078478006150583 46.823026540392995 0.007361920540190
0.600000000000000 47.875611904209023 47.058879728767899 0.007399602347734
0.610000000000000 48.672702839255138 47.298688252572646 0.007437924272262
0.620000000000000 49.469750097401878 47.542451683031992 0.007476886656933
0.630000000000000 50.266752964892163 47.790169584318093 0.007516489849727
0.640000000000000 51.063710728148145 48.041841513549386 0.007556734209655
0.650000000000000 51.860622673491669 48.297467020793427 0.007597620091983
0.660000000000000 52.657488087648453 48.557045649068783 0.007639147866648
0.670000000000000 53.454306257277082 48.820576934346143 0.007681317904413
0.680000000000000 54.251076469230078 49.088060405550834 0.007724130586152
0.690000000000000 55.047798010328819 49.359495584563831 0.007767586289578
0.700000000000000 55.844470167826067 49.634881986223355 0.007811685411437
0.710000000000000 56.641092228723103 49.914219118327985 0.007856428341031
0.720000000000000 57.437663480450212 50.197506481636829 0.007901815484753
0.730000000000000 58.234183210290027 50.484743569871888 0.007947847242798
0.740000000000000 59.030650705986027 50.775929869721232 0.007994524032149
0.750000000000000 59.827065255187314 51.071064860839329 0.008041846272531
0.760000000000000 60.623426145606132 51.370148015848962 0.008089814382795
0.770000000000000 61.419732665349706 51.673178800344949 0.008138428798818
0.780000000000000 62.215984102365191 51.980156672893536 0.008187689951283
0.790000000000000 63.012179744983591 52.291081085037341 0.008237598284257
0.800000000000000 63.808318881548750 52.605951481294575 0.008288154245018
0.810000000000000 64.604400800546742 52.924767299162383 0.008339358284153
0.820000000000000 65.400424790727456 53.247527969119581 0.008391210865767
0.830000000000000 66.196390140737336 53.574232914627636 0.008443712450357
0.840000000000000 66.992296139572503 53.904881552133489 0.008496863508918
0.850000000000000 67.788142076356451 54.239473291071668 0.008550664520399
0.860000000000000 68.583927240243440 54.578007533865645 0.008605115962480
0.870000000000000 69.379650920752425 54.920483675931564 0.008660218326670
0.880000000000000 70.175312407396120 55.266901105678286 0.008715972109838
0.890000000000000 70.970910989709139 55.617259204512962 0.008772377803684
0.900000000000000 71.766445957754186 55.971557346839823 0.008829435920828
0.910000000000000 72.561916601434532 56.329794900064250 0.008887146969663
0.920000000000000 73.357322210956923 56.691971224594795 0.008945511468437
0.930000000000000 74.152662076652149 57.058085673847302 0.009004529942238
0.940000000000000 74.947935488935514 57.428137594243204 0.009064202915751
0.950000000000000 75.743141738587241 57.802126325216534 0.009124530928698
0.960000000000000 76.538280116349682 58.180051199212578 0.009185514518332
0.970000000000000 77.333349913297582 58.561911541692901 0.009247154235061
0.980000000000000 78.128350420523375 58.947706671137112 0.009309450628287
0.990000000000000 78.923280929439031 59.337435899044358 0.009372404259734
1.000000000000000 79.718140731501890 59.731098529938031 0.009436015692764
1.010000000000000 80.512929118400976 60.128693861366095 0.009500285499347
1.020000000000000 81.307645381945292 60.530221183904160 0.009565214249769
1.030000000000000 82.102288814384465 60.935679781160559 0.009630802537803
1.040000000000000 82.896858707678433 61.345068929775408 0.009697050939554
1.050000000000000 83.691354354482002 61.758387899425045 0.009763960060467
1.060000000000000 84.485775047179416 62.175635952825182 0.009831530492104
1.070000000000000 85.280120078702481 62.596812345733106 0.009899762847965
1.080000000000000 86.074388741880739 63.021916326950382 0.009968657731289
1.090000000000000 86.868580330099903 63.450947138324345 0.010038215773094
1.100000000000000 87.662694136429593 63.883904014753838 0.010108437588735
1.110000000000000 88.456729454492262 64.320786184190439 0.010179323806718
1.120000000000000 89.250685578175649 64.761592867640189 0.010250875070905
1.130000000000000 90.044561801269978 65.206323279167776 0.010323092019756
1.140000000000000 90.838357417918374 65.654976625899792 0.010395975301473
1.150000000000000 91.632071722472332 66.107552108027079 0.010469525570284
1.160000000000000 92.425704009493728 66.564048918807430 0.010543743489367
1.170000000000000 93.219253573646810 67.024466244569155 0.010618629722375
1.180000000000000 94.012719709912005 67.488803264712942 0.010694184942860
1.190000000000000 94.806101713441748 67.957059151717331 0.010770409830829
1.200000000000000 95.599398879549256 68.429233071138583 0.010847305069413
1.210000000000000 96.392610503819924 68.905324181616521 0.010924871347318
1.220000000000000 97.185735882130118 69.385331634876664 0.011003109367086
1.230000000000000 97.978774310367058 69.869254575730764 0.011082019827870
1.240000000000000 98.771725084776918 70.357092142086316 0.011161603441360
1.250000000000000 99.564587501733868 70.848843464942050 0.011241860921024
1.260000000000000 100.357360857897970 71.344507668397341 0.011322792988541
1.270000000000000 101.150044450142080 71.844083869652962 0.011404400371219
1.280000000000000 101.942637575571740 72.347571179012803 0.011486683803447
1.290000000000000 102.735139531494300 72.854968699889454 0.011569644026915
1.300000000000000 103.527549615382210 73.366275528807734 0.011653281781679
1.310000000000000 104.319867125142520 73.881490755406347 0.011737597826306
1.320000000000000 105.112091358695240 74.400613462441498 0.011822592918794
1.330000000000000 105.904221614208210 74.923642725792064 0.011908267822442
1.340000000000000 106.696257190128350 75.450577614461281 0.011994623304511
1.350000000000000 107.488197385256360 75.981417190579265 0.012081660148353
1.360000000000000 108.280041498420300 76.516160509409872 0.012169379131927
1.370000000000000 109.071788828862570 77.054806619350444 0.012257781047889
1.380000000000000 109.863438675962330 77.597354561938488 0.012346866690519
1.390000000000000 110.654990339388770 78.143803371853053 0.012436636865065
1.400000000000000 111.446443118951090 78.694152076918641 0.012527092375989
1.410000000000000 112.237796314826430 79.248399698109822 0.012618234037598
1.420000000000000 113.029049227445840 79.806545249553139 0.012710062675752
1.430000000000000 113.820201157331230 80.368587738533577 0.012802579110565
1.440000000000000 114.611251405474830 80.934526165494532 0.012895784181373
1.450000000000000 115.402199272937050 81.504359524044503 0.012989678726073
1.460000000000000 116.193044061090380 82.078086800958630 0.013084263588806
1.470000000000000 116.983785071621800 82.655706976184788 0.013179539623362
1.480000000000000 117.774421606433150 83.237219022845110 0.013275507691009
1.490000000000000 118.564952967610080 83.822621907241526 0.013372168653762
1.500000000000000 119.355378457592470 84.411914588857300 0.013469523383041
1.510000000000000 120.145697379083810 85.005096020363283 0.013567572758589
1.520000000000000 120.935909034996130 85.602165147620767 0.013666317664472
1.530000000000000 121.726012728513170 86.203120909685396 0.013765758990845
1.540000000000000 122.516007763100920 86.807962238810774 0.013865897630706
1.550000000000000 123.305893442610750 87.416688060452771 0.013966734496819
1.560000000000000 124.095669070899150 88.029297293273885 0.014068270491534
1.570000000000000 124.885333952311680 88.645788849145660 0.014170506532579
1.580000000000000 125.674887391428500 89.266161633154510 0.014273443545601
1.590000000000000 126.464328693026600 89.890414543604649 0.014377082455560
1.600000000000000 127.253657162280930 90.518546472023047 0.014481424204275
1.610000000000000 128.042872104478620 91.150556303162247 0.014586469730291
1.620000000000000 128.831972825290590 91.786442915005580 0.014692219981127
1.630000000000000 129.620958630703680 92.426205178770374 0.014798675911686
1.640000000000000 130.409828826997990 93.069841958913457 0.014905838490152
1.650000000000000 131.198582720568880 93.717352113133686 0.015013708674651
1.660000000000000 131.987219618371090 94.368734492377286 0.015122287452426
1.670000000000000 132.775738827321930 95.023987940841906 0.015231575794209
1.680000000000000 133.564139654911800 95.683111295980112 0.015341574692960
1.690000000000000 134.352421408793960 96.346103388504375 0.015452285141758
1.700000000000000 135.140583396955460 97.012963042391661 0.015563708145327
1.710000000000000 135.928624927589450 97.683689074887297 0.015675844706683
1.720000000000000 136.716545309309230 98.358280296508681 0.015788695844398
1.730000000000000 137.504343850922680 99.036735511050551 0.015902262575652
1.740000000000000 138.292019861636480 99.719053515589522 0.016016545931619
1.750000000000000 139.079572650873640 100.405233100487590 0.016131546945305
1.760000000000000 139.867001528395970 101.095273049397380 0.016247266656567
1.770000000000000 140.654305804300380 101.789172139265820 0.016363706115752
1.780000000000000 141.441484788927820 102.486929140339530 0.016480866374330
1.790000000000000 142.228537793000500 103.188542816169250 0.016598748496678
1.800000000000000 143.015464127473960 103.894011923613490 0.016717353549227
1.810000000000000 143.802263103651400 104.603335212843720 0.016836682604605
1.820000000000000 144.588934033196920 105.316511427348870 0.016956736750109
1.830000000000000 145.375476227951540 106.033539303939800 0.017077517065596
1.840000000000000 146.161889000267190 106.754417572754750 0.017199024651909
1.850000000000000 146.948171662676740 107.479144957262020 0.017321260608952
1.860000000000000 147.734323528075750 108.207720174267910 0.017444226048546
1.870000000000000 148.520343909607310 108.940141933916730 0.017567922081212
1.880000000000000 149.306232120848160 109.676408939700560 0.017692349829756
1.890000000000000 150.091987475685700 110.416519888460480 0.017817510426664
1.900000000000000 150.877609288257220 111.160473470393510 0.017943405003599
1.910000000000000 151.663096873122750 111.908268369054820 0.018070034707253
1.920000000000000 152.448449545086110 112.659903261365880 0.018197400682174
1.930000000000000 153.233666619394600 113.415376817616670 0.018325504094669
1.940000000000000 154.018747411418080 114.174687701471710 0.018454346096180
1.950000000000000 154.803691237121740 114.937834569973960 0.018583927866138
1.960000000000000 155.588497412613890 115.704816073551530 0.018714250576093
1.970000000000000 156.373165254465280 116.475630856020870 0.018845315413103
1.980000000000000 157.157694079528540 117.250277554592630 0.018977123573051
1.990000000000000 157.942083204903160 118.028754799876720 0.019109676239813
2.000000000000000 158.726331948331250 118.811061215886060 0.019242974643207
2.010000000000000 159.510439627394110 119.597195420043790 0.019377019966200
2.020000000000000 160.294405560622550 120.387156023185870 0.019511813449571
2.030000000000000 161.078229066457310 121.180941629567840 0.019647356313599
2.040000000000000 161.861909463814840 121.978550836870640 0.019783649789412
2.050000000000000 162.645446072010170 122.779982236201690 0.019920695119546
2.060000000000000 163.428838210671810 123.585234412106290 0.020058493550618
2.070000000000000 164.212085199803620 124.394305942566040 0.020197046340463
2.080000000000000 164.995186359705880 125.207195399010910 0.020336354747715
2.090000000000000 165.778141011101070 126.023901346317160 0.020476420043551
2.100000000000000 166.560948475029930 126.844422342819270 0.020617243501417
2.110000000000000 167.343608072947570 127.668756940311140 0.020758826407241
2.120000000000000 168.126119126623110 128.496903684052110 0.020901170054942
2.130000000000000 168.908480958127650 129.328861112772760 0.021044275732783
2.140000000000000 169.690692890077800 130.164627758680690 0.021188144751892
2.150000000000000 170.472754245342290 131.004202147464470 0.021332778428227
2.160000000000000 171.254664347091190 131.847582798300720 0.021478178072377
2.170000000000000 172.036422519030280 132.694768223858430 0.021624345022300
2.180000000000000 172.818028085033210 133.545756930303550 0.021771280599206
2.190000000000000 173.599480369582100 134.400547417306480 0.021918986153987
2.200000000000000 174.380778697362190 135.259138178046360 0.022067463030961
2.210000000000000 175.161922393515200 136.121527699215820 0.022216712593112
2.220000000000000 175.942910783438800 136.987714461029040 0.022366736193987
2.230000000000000 176.723743193086110 137.857696937223010 0.022517535208772
2.240000000000000 177.504418948714000 138.731473595069100 0.022669111016601
2.250000000000000 178.284937376946520 139.609042895372400 0.022821465002292
2.260000000000000 179.065297804806450 140.490403292480610 0.022974598563641
2.270000000000000 179.845499559621890 141.375553234289750 0.023128513089572
2.280000000000000 180.625541969306430 142.264491162249190 0.023283209999192
2.290000000000000 181.405424361973160 143.157215511367130 0.023438690700820
2.300000000000000 182.185146066246570 144.053724710216300 0.023594956625191
2.310000000000000 182.964706411013370 144.954017180939790 0.023752009194890
2.320000000000000 183.744104725685760 145.858091339257810 0.023909849846466
2.330000000000000 184.523340340094220 146.765945594471530 0.024068480041420
2.340000000000000 185.302412584205540 147.677578349469660 0.024227901211751
2.350000000000000 186.081320788730120 148.592988000734660 0.024388114832446
2.360000000000000 186.860064284546470 149.512172938349010 0.024549122365476
2.370000000000000 187.638642403037550 150.435131545999640 0.024710925291516
2.380000000000000 188.417054475914280 151.361862200984010 0.024873525086412
2.390000000000000 189.195299835415200 152.292363274217480 0.025036923249294
2.400000000000000 189.973377814060830 153.226633130236760 0.025201121276483
2.410000000000000 190.751287744821240 154.164670127209630 0.025366120674590
2.420000000000000 191.529028961076700 155.106472616935920 0.025531922952896
2.430000000000000 192.306600796696390 156.052038944857120 0.025698529649196
2.440000000000000 193.084002585722120 157.001367450062670 0.025865942271571
2.450000000000000 193.861233662942080 157.954456465292510 0.026034162373271
2.460000000000000 194.638293363322760 158.911304316946570 0.026203191490689
2.470000000000000 195.415181022384050 159.871909325089290 0.026373031188890
2.480000000000000 196.191895975888600 160.836269803455220 0.026543683013786
2.490000000000000 196.968437560244720 161.804384059456420 0.026715148548841
2.500000000000000 197.744805112068380 162.776250394188620 0.026887429359188
2.510000000000000 198.520997968570470 163.751867102435910 0.027060527038943
2.520000000000000 199.297015467250050 164.731232472677220 0.027234443173993
2.530000000000000 200.072856946130510 165.714344787094120 0.027409179362887
2.540000000000000 200.848521743691410 166.701202321575070 0.027584737222091
2.550000000000000 201.624009198728460 167.691803345722970 0.027761118365074
2.560000000000000 202.399318650512130 168.686146122860780 0.027938324416759
2.570000000000000 203.174449438739740 169.684228910039050 0.028116357008076
2.580000000000000 203.949400903565080 170.686049958038610 0.028295217777470
2.590000000000000 204.724172385606470 171.691607511381220 0.028474908378523
2.600000000000000 205.498763225850840 172.700899808334190 0.028655430459789
2.610000000000000 206.273172765835030 173.713925080915260 0.028836785708421
2.620000000000000 207.047400347232920 174.730681554901680 0.029018975765992
2.630000000000000 207.821445312584700 175.751167449834700 0.029202002329931
2.640000000000000 208.595307004651940 176.775380979026180 0.029385867090973
2.650000000000000 209.368984766621510 177.803320349565950 0.029570571748766
2.660000000000000 210.142477942097940 178.834983762327510 0.029756117992037
2.670000000000000 210.915785875355600 179.870369411974310 0.029942507556993
2.680000000000000 211.688907910825120 180.909475486968350 0.030129742146106
2.690000000000000 212.461843393643760 181.952300169572740 0.030317823511694
2.700000000000000 213.234591669117830 182.998841635861480 0.030506753372355
2.710000000000000 214.007152083266160 184.049098055724950 0.030696533475818
2.720000000000000 214.779523982551840 185.103067592877860 0.030887165597861
2.730000000000000 215.551706713636320 186.160748404862010 0.031078651480316
2.740000000000000 216.323699623915700 187.222138643058320 0.031270992900272
2.750000000000000 217.095502061181860 188.287236452687750 0.031464191646988
2.760000000000000 217.867113373579200 189.356039972823940 0.031658249505409
2.770000000000000 218.638532909764990 190.428547336393790 0.031853168264296
2.780000000000000 219.409760018965950 191.504756670189890 0.032048949745029
2.790000000000000 220.180794050685250 192.584666094872940 0.032245595750311
2.800000000000000 220.951634355035220 193.668273724980220 0.032443108106461
2.810000000000000 221.722280282555090 194.755577668933820 0.032641488644775
2.820000000000000 222.492731184255860 195.846576029043060 0.032840739201313
2.830000000000000 223.262986411666590 196.941266901516850 0.033040861631105
2.840000000000000 224.033045316713160 198.039648376466060 0.033241857795278
2.850000000000000 224.802907251750950 199.141718537913420 0.033443729548336
2.860000000000000 225.572571569744070 200.247475463796550 0.033646478767373
2.870000000000000 226.342037624103370 201.356917225981050 0.033850107345407
2.880000000000000 227.111304768606090 202.470041890260380 0.034054617167127
2.890000000000000 227.880372357593530 203.586847516368210 0.034260010120515
2.900000000000000 228.649239746031870 204.707332157982450 0.034466288142641
2.910000000000000 229.417906289058010 205.831493862732570 0.034673453133387
2.920000000000000 230.186371342500930 206.959330672208550 0.034881507020207
2.930000000000000 230.954634262670370 208.090840621964420 0.035090451744507
2.940000000000000 231.722694406302030 209.226021741529000 0.035300289251606
2.950000000000000 232.490551130614730 210.364872054410850 0.035511021486562
2.960000000000000 233.258203793411380 211.507389578104270 0.035722650418030
2.970000000000000 234.025651752919490 212.653572324100030 0.035935178029107
2.980000000000000 234.792894367735220 213.803418297888380 0.036148606274900
2.990000000000000 235.559930997222010 214.956925498969350 0.036362937164144
3.000000000000000 236.326761001032170 216.114091920857450 0.036578172695684
3.010000000000000 237.093383739312460 217.274915551091110 0.036794314855797
3.020000000000000 237.859798572931910 218.439394371238930 0.037011365689971
3.030000000000000 238.626004862955970 219.607526356904600 0.037229327205443
3.040000000000000 239.392001971144960 220.779309477738220 0.037448201441198
3.050000000000000 240.157789259718210 221.954741697441110 0.037667990446106
3.060000000000000 240.923366091348980 223.133820973772800 0.037888696268710
3.070000000000000 241.688731829263530 224.316545258560470 0.038110320969231
3.080000000000000 242.453885837216430 225.502912497702450 0.038332866620100
3.090000000000000 243.218827479461480 226.692920631180640 0.038556335303762
3.100000000000000 243.983556120745760 227.886567593061590 0.038780729116682
3.110000000000000 244.748071126264450 229.083851311512690 0.039006050146478
3.120000000000000 245.512371861842610 230.284769708798360 0.039232300516214
3.130000000000000 246.276457693678080 231.489320701296890 0.039459482318464
3.140000000000000 247.040327988734130 232.697502199501630 0.039687597704966
3.150000000000000 247.803982114253360 233.909312108034360 0.039916648818919
3.160000000000000 248.567419437937420 235.124748325647350 0.040146637768627
3.170000000000000 249.330639328373620 236.343808745231740 0.040377566761317
3.180000000000000 250.093641154177820 237.566491253829780 0.040609437908690
3.190000000000000 250.856424284999290 238.792793732634350 0.040842253432797
3.200000000000000 251.618988090563620 240.022714057005830 0.041076015487245
3.210000000000000 252.381331941412500 241.256250096468730 0.041310726273620
3.220000000000000 253.143455208542120 242.493399714729860 0.041546388010232
3.230000000000000 253.905357263340730 243.734160769678850 0.041783002881358
3.240000000000000 254.667037477993490 244.978531113401350 0.042020573149754
3.250000000000000 255.428495224850710 246.226508592178280 0.042259101002968
3.260000000000000 256.189729877206790 247.478091046502870 0.042498588720599
3.270000000000000 256.950740808550790 248.733276311082050 0.042739038528778
3.280000000000000 257.711527393141640 249.992062214848060 0.042980452706496
3.290000000000000 258.472089005620770 251.254446580961090 0.043222833514564
3.300000000000000 259.232425021264760 252.520427226821680 0.043466183255251
3.310000000000000 259.992534815706450 253.790001964078530 0.043710504188100
3.320000000000000 260.752417765400420 255.063168598632390 0.043955798630350
3.330000000000000 261.512073247202520 256.339924930646300 0.044202068909118
3.340000000000000 262.271500638375020 257.620268754553590 0.044449317312998
3.350000000000000 263.030699317007590 258.904197859066300 0.044697546202363
3.360000000000000 263.789668661484650 260.191710027178890 0.044946757904307
3.370000000000000 264.548408050860130 261.482803036182530 0.045196954768566
3.380000000000000 265.306916864749840 262.777474657664700 0.045448139165293
3.390000000000000 266.065194483245820 264.075722657528620 0.045700313464734
3.400000000000000 266.823240287003160 265.377544795987660 0.045953480040238
3.410000000000000 267.581053657299440 266.682938827583200 0.046207641294259
3.420000000000000 268.338633975878510 267.991902501189320 0.046462799605809
3.430000000000000 269.095980625229740 269.304433560020190 0.046718957433871
3.440000000000000 269.853092988016840 270.620529741638900 0.046976117166338
3.450000000000000 270.609970447747170 271.940188777963560 0.047234281220575
3.460000000000000 271.366612388612230 273.263408395277850 0.047493452087417
3.470000000000000 272.123018194980550 274.590186314238680 0.047753632187534
3.480000000000000 272.879187252049120 275.920520249883450 0.048014823993249
3.490000000000000 273.635118945512150 277.254407911635100 0.048277029977332
3.500000000000000 274.390812661642490 278.591847003317240 0.048540252633778
3.510000000000000 275.146267787208560 279.932835223155340 0.048804494438936
3.520000000000000 275.901483709696320 281.277370263789240 0.049069757918109
3.530000000000000 276.656459817009990 282.625449812278990 0.049336045583679
3.540000000000000 277.411195497657450 283.977071550115340 0.049603359954774
3.550000000000000 278.165690140780380 285.332233153222600 0.049871703583147
3.560000000000000 278.919943135986950 286.690932291972790 0.050141079004814
3.570000000000000 279.673953873555210 288.053166631191800 0.050411488786933
3.580000000000000 280.427721744278590 289.418933830166450 0.050682935488734
3.590000000000000 281.181246139608160 290.788231542652740 0.050955421703411
3.600000000000000 281.934526451479710 292.161057416886360 0.051228950028692
3.610000000000000 282.687562072363510 293.537409095588940 0.051503523045964
3.620000000000000 283.440352395466450 294.917284215974580 0.051779143380037
3.630000000000000 284.192896814491970 296.300680409764540 0.052055813653143
3.640000000000000 284.945194723741340 297.687595303186300 0.052333536520395
3.650000000000000 285.697245517956050 299.078026516991490 0.052612314589858
3.660000000000000 286.449048592739420 300.471971666456060 0.052892150557794
3.670000000000000 287.200603344000170 301.869428361394340 0.053173047054098
3.680000000000000 287.951909168510160 303.270394206163300 0.053455006795955
3.690000000000000 288.702965463361070 304.674866799674650 0.053738032442026
3.700000000000000 289.453771626461100 306.082843735400440 0.054022126722421
3.710000000000000 290.204327056110000 307.494322601382580 0.054307292335202
3.720000000000000 290.954631151305250 308.909300980240570 0.054593531998009
3.730000000000000 291.704683311683370 310.327776449180930 0.054880848457351
3.740000000000000 292.454482937399290 311.749746580006840 0.055169244466831
3.750000000000000 293.204029429158140 313.175208939120920 0.055458722764810
3.760000000000000 293.953322188398150 314.604161087541970 0.055749286136148
3.770000000000000 294.702360617051680 316.036600580907020 0.056040937359195
3.780000000000000 295.451144117669290 317.472524969481240 0.056333679222866
3.790000000000000 296.199672093426500 318.911931798170710 0.056627514523820
3.800000000000000 296.947943948149540 320.354818606523170 0.056922446102871
3.810000000000000 297.695959086099890 321.801182928744540 0.057218476760103
3.820000000000000 298.443716912323000 323.251022293702590 0.057515609356038
3.830000000000000 299.191216832326460 324.704334224936020 0.057813846716257
3.840000000000000 299.938458252387250 326.161116240665480 0.058113191727810
3.850000000000000 300.685440579227590 327.621365853800460 0.058413647259382
3.860000000000000 301.432163220213230 329.085080571947120 0.058715216182457
3.870000000000000 302.178625583411250 330.552257897418430 0.059017901398320
3.880000000000000 302.924827077474900 332.022895327242340 0.059321705835749
3.890000000000000 303.670767111546410 333.496990353171380 0.059626632390359
3.900000000000000 304.416445095544250 334.974540461687750 0.059932684007926
3.910000000000000 305.161860439921610 336.455543134018800 0.060239863639289
3.920000000000000 305.907012555712360 337.939995846138970 0.060548174229294
3.930000000000000 306.651900854644340 339.427896068780290 0.060857618747096
3.940000000000000 307.396524749063470 340.919241267446470 0.061168200186539
3.950000000000000 308.140883651857850 342.414028902412950 0.061479921533419
3.960000000000000 308.884976976583400 343.912256428741160 0.061792785799143
3.970000000000000 309.628804137382700 345.413921296287530 0.062106795988167
3.980000000000000 310.372364549102310 346.919020949710100 0.062421955127615
3.990000000000000 311.115657627229840 348.427552828478720 0.062738266293624
4.000000000000000 311.858682787676000 349.939514366883260 0.063055732506333
4.010000000000000 312.601439447185040 351.454902994042750 0.063374356827815
4.020000000000001 313.343927023157280 352.973716133913400 0.063694142388175
4.030000000000000 314.086144933323680 354.495951205299430 0.064015092219674
4.040000000000000 314.828092596396520 356.021605621861230 0.064337209460259
4.050000000000000 315.569769431522670 357.550676792121350 0.064660497215422
4.060000000000001 316.311174858548550 359.083162119477380 0.064984958624996
4.070000000000000 317.052308297895020 360.619059002212910 0.065310596834363
4.080000000000000 317.793169170600270 362.158364833496360 0.065637414955409
4.090000000000000 318.533756898583310 363.701077001400620 0.065965416225012
4.100000000000000 319.274070904006180 365.247192888908840 0.066294603750367
4.110000000000000 320.014110610083260 366.796709873921600 0.066624980800434
4.120000000000000 320.753875440241700 368.349625329266300 0.066956550514188
4.130000000000000 321.493364818925040 369.905936622707880 0.067289316157698
4.140000000000000 322.232578170955430 371.465641116955850 0.067623280922958
4.150000000000000 322.971514922018510 373.028736169675820 0.067958448096771
4.160000000000000 323.710174498212550 374.595219133495790 0.068294820899011
4.170000000000000 324.448556326489270 376.165087356018380 0.068632402632721
4.180000000000000 325.186659834271380 377.738338179826310 0.068971196561892
4.190000000000000 325.924484449738150 379.314968942493750 0.069311205985887
4.200000000000000 326.662029601705290 380.894976976596070 0.069652434207413
4.210000000000000 327.399294719678890 382.478359609717870 0.069994884593286
4.220000000000000 328.136279233586320 384.065114164460060 0.070338560414805
4.230000000000000 328.872982574355430 385.655237958454960 0.070683465081055
4.240000000000000 329.609404173256220 387.248728304368970 0.071029601902118
4.250000000000000 330.345543462494390 388.845582509913360 0.071376974316017
4.260000000000000 331.081399874612710 390.445797877860340 0.071725585651470
4.270000000000001 331.816972843132310 392.049371706039780 0.072075439355173
4.280000000000000 332.552261802010950 393.656301287359210 0.072426538843065
4.290000000000000 333.287266185875130 395.266583909809010 0.072778887510731
4.300000000000000 334.021985430193520 396.880216856470330 0.073132488853222
4.310000000000001 334.756418970840850 398.497197405527740 0.073487346290508
4.320000000000000 335.490566244550560 400.117522830274940 0.073843463304447
4.330000000000000 336.224426688671260 401.741190399125290 0.074200843399646
4.340000000000000 336.957999741124350 403.368197375622690 0.074559490059356
4.350000000000001 337.691284840581320 404.998541018452270 0.074919406795555
4.360000000000000 338.424281426390110 406.632218581441800 0.075280597127715
4.370000000000000 339.156988938607700 408.269227313582060 0.075643064646272
4.380000000000000 339.889406817722890 409.909564459024240 0.076006812861637
4.390000000000000 340.621534505118180 411.553227257102950 0.076371845333391
4.400000000000000 341.353371442897240 413.200212942334020 0.076738165694836
4.410000000000000 342.084917073599290 414.850518744427630 0.077105777505062
4.420000000000000 342.816170840626850 416.504141888303020 0.077474684398344
4.430000000000000 343.547132187953820 418.161079594086290 0.077844889989843
4.440000000000000 344.277800560286380 419.821329077133330 0.078216397949220
4.450000000000000 345.008175402874370 421.484887548029630 0.078589211869117
4.460000000000000 345.738256161942390 423.151752212602390 0.078963335488322
4.470000000000000 346.468042284072450 424.821920271932810 0.079338772461032
4.480000000000000 347.197533216670080 426.495388922361540 0.079715526475572
4.490000000000000 347.926728407872360 428.172155355499340 0.080093601288348
4.500000000000000 348.655627306303190 429.852216758237380 0.080473000571850
4.510000000000000 349.384229361527330 431.535570312759770 0.080853728124266
4.520000000000001 350.112534023543330 433.222213196544890 0.081235787655884
4.530000000000000 350.840540743252520 434.912142582383010 0.081619182983779
4.540000000000000 351.568248972043140 436.605355638381980 0.082003917866988
4.550000000000000 352.295658162120840 438.301849527977540 0.082389996117090
4.560000000000001 353.022767766340110 440.001621409943080 0.082777421551814
4.570000000000000 353.749577238245080 441.704668438398870 0.083166198015631
4.580000000000000 354.476086032019170 443.410987762821490 0.083556329327524
4.590000000000000 355.202293602664550 445.120576528054130 0.083947819405464
4.600000000000001 355.928199405635890 446.833431874316600 0.084340672056756
4.610000000000000 356.653802897391020 448.549550937213160 0.084734891233376
4.620000000000000 357.379103534828350 450.268930847744460 0.085130480814510
4.630000000000000 358.104100775670530 451.991568732315840 0.085527444721371
4.640000000000000 358.828794078349230 453.717461712746230 0.085925786941199
4.650000000000000 359.553182901791220 455.446606906279210 0.086325511387406
4.660000000000000 360.277266705800340 457.179001425590570 0.086726622017630
4.670000000000000 361.001044950934500 458.914642378805810 0.087129122853752
4.680000000000000 361.724517098302270 460.653526869497910 0.087533017884825
4.690000000000000 362.447682609768440 462.395651996705110 0.087938311130168
4.700000000000000 363.170540947893640 464.141014854935460 0.088345006616083
4.710000000000000 363.893091575971650 465.889612534185740 0.088753108398583
4.720000000000000 364.615333957972890 467.641442119938520 0.089162620567816
4.730000000000000 365.337267558471580 469.396500693183440 0.089573547152464
4.740000000000000 366.058891842962510 471.154785330421250 0.089985892301893
4.750000000000000 366.780206277435520 472.916293103671990 0.090399660108596
4.760000000000000 367.501210328673380 474.681021080486570 0.090814854685879
4.770000000000001 368.221903464232240 476.448966323962280 0.091231480222008
4.780000000000000 368.942285152207830 478.220125892744080 0.091649540813776
4.790000000000000 369.662354861665560 479.994496841038260 0.092069040719968
4.800000000000000 370.382112062063240 481.772076218619650 0.092489984088500
4.810000000000001 371.101556223756290 483.552861070850330 0.092912375118603
4.820000000000000 371.820686817859150 485.336848438673940 0.093336218060188
4.830000000000000 372.539503316112760 487.124035358641380 0.093761517187391
4.840000000000000 373.258005190857550 488.914418862913180 0.094188276691598
4.850000000000001 373.976191915417930 490.707995979267370 0.094616500910927
4.860000000000000 374.694062963601310 492.504763731113830 0.095046194126029
4.870000000000000 375.411617809985500 494.304719137500680 0.095477360600579
4.880000000000000 376.128855930046200 496.107859213130550 0.095910004753478
4.890000000000000 376.845776799633940 497.914180968359400 0.096344130836499
4.900000000000000 377.562379895670570 499.723681409218050 0.096779743285822
4.910000000000000 378.278664695519750 501.536357537415370 0.097216846443427
4.920000000000000 378.994630677405550 503.352206350348470 0.097655444692645
4.930000000000000 379.710277320321270 505.171224841118260 0.098095542488145
4.940000000000000 380.425604103830610 506.993409998532630 0.098537144233795
4.950000000000000 381.140610508320040 508.818758807119310 0.098980254372461
4.960000000000000 381.855296014918910 510.647268247133300 0.099424877408959
4.970000000000000 382.569660105338760 512.478935294575080 0.099871017746643
4.980000000000000 383.283702262304810 514.313756921190820 0.100318679986701
4.990000000000000 383.997421968905600 516.151730094485520 0.100767868567839
5.000000000000000 384.710818709242350 517.992851777737540 0.101218588076503
5.010000000000000 385.423891967963070 519.837118930004520 0.101670843016101
5.020000000000001 386.136641230622390 521.684528506131070 0.102124638006302
5.030000000000000 386.849065983333110 523.535077456764610 0.102579977627244
5.040000000000000 387.561165712970880 525.388762728360350 0.103036866453078
5.050000000000000 388.272939907257470 527.245581263195500 0.103495309124216
5.060000000000001 388.984388054592330 529.105529999377270 0.103955310334754
5.070000000000000 389.695509643931810 530.968605870851660 0.104416874637716
5.080000000000000 390.406304165338720 532.834805807421050 0.104880006831298
5.090000000000000 391.116771109202150 534.704126734736750 0.105344711512340
5.100000000000001 391.826909966991140 536.576565574332110 0.105810993466852
5.110000000000000 392.536720230672130 538.452119243615700 0.106278857405609
5.120000000000000 393.246201393028910 540.330784655886190 0.106748308047468
5.130000000000000 393.955352947696550 542.212558720351130 0.107219350253250
5.140000000000000 394.664174388749420 544.097438342118040 0.107691988683033
5.150000000000000 395.372665211433910 545.985420422225960 0.108166228278889
5.160000000000000 396.080824911293400 547.876501857636980 0.108642073756424
5.170000000000000 396.788652984981520 549.770679541263920 0.109119530043754
5.180000000000000 397.496148929623870 551.667950361962990 0.109598601958182
5.190000000000000 398.203312243245140 553.568311204559000 0.110079294395783
5.200000000000000 398.910142424573620 555.471758949846050 0.110561612254169
5.210000000000000 399.616638973099040 557.378290474600480 0.111045560485558
5.220000000000000 400.322801388959360 559.287902651595120 0.111531144000128
5.230000000000000 401.028629173138430 561.200592349603200 0.112018367743999
5.240000000000000 401.734121827411910 563.116356433412190 0.112507236733857
5.250000000000000 402.439278854185600 565.035191763830430 0.112997755946502
5.260000000000000 403.144099756684510 566.957095197704460 0.113489930422584
5.270000000000001 403.848584038813670 568.882063587921040 0.113983765190387
5.280000000000000 404.552731205259420 570.810093783426050 0.114479265255702
5.290000000000000 405.256540761619930 572.741182629224910 0.114976435781088
5.300000000000000 405.960012213980750 574.675326966402390 0.115475281798777
5.310000000000001 406.663145069380620 576.612523632127250 0.115975808482086
5.320000000000000 407.365938835438670 578.552769459659540 0.116478020908576
5.330000000000000 408.068393020709550 580.496061278372740 0.116981924273618
5.340000000000000 408.770507134385300 582.442395913751620 0.117487523744472
5.350000000000001 409.472280686443180 584.391770187407700 0.117994824526283
5.360000000000000 410.173713187592850 586.344180917090850 0.118503831796021
5.370000000000000 410.874804149421660 588.299624916698800 0.119014550816912
5.380000000000000 411.575553084197740 590.258098996282910 0.119526986903543
5.390000000000000 412.275959504780760 592.219599962069540 0.120041145247896
5.400000000000000 412.976022925045920 594.184124616455620 0.120557031208057
5.410000000000000 413.675742859454540 596.151669758034360 0.121074650039957
5.420000000000000 414.375118823415110 598.122232181588060 0.121594007155440
5.430000000000000 415.074150332889190 600.095808678118490 0.122115107840304
5.440000000000000 415.772836904819030 602.072396034843450 0.122637957580621
5.450000000000000 416.471178056609920 604.051991035208180 0.123162561692116
5.460000000000000 417.169173306682240 606.034590458902470 0.123688925600936
5.470000000000000 417.866822174213720 608.020191081865280 0.124217054801950
5.480000000000000 418.564124179005720 610.008789676298870 0.124746954731118
5.490000000000000 419.261078841711880 612.000383010671160 0.125278630852121
5.500000000000000 419.957685683819190 613.994967849743260 0.125812088764646
5.510000000000000 420.653944227328110 615.992540954558080 0.126347333842905
5.520000000000001 421.349853995442570 617.993099082469600 0.126884371810773
5.530000000000000 422.045414511657100 619.996638987140390 0.127423208126703
5.540000000000000 422.740625300554770 622.003157418560250 0.127963848422662
5.550000000000000 423.435485887386960 624.012651123050320 0.128506298331158
5.560000000000001 424.129995798133730 626.025116843279530 0.129050563440635
5.570000000000000 424.824154559683850 628.040551318272490 0.129596649473052
5.580000000000000 425.517961699532240 630.058951283415690 0.130144562098284
5.590000000000000 426.211416745982600 632.080313470479500 0.130694306981526
5.600000000000001 426.904519228219040 634.104634607612410 0.131245889841399
5.610000000000000 427.597268676221740 636.131911419366820 0.131799316504340
5.620000000000000 428.289664620541150 638.162140626700650 0.132354592704174
5.630000000000000 428.981706592605120 640.195318946989350 0.132911724208021
5.640000000000000 429.673394124689420 642.231443094039830 0.133470716844335
5.650000000000000 430.364726749815930 644.270509778097110 0.134031576482273
5.660000000000000 431.055704001707060 646.312515705854250 0.134594308937214
5.670000000000000 431.746325414985510 648.357457580468010 0.135158920136520
5.680000000000000 432.436590524943480 650.405332101564910 0.135725415974083
5.690000000000000 433.126498867689690 652.456135965252430 0.136293802389790
5.700000000000000 433.816049980090780 654.509865864132280 0.136864085321566
5.710000000000000 434.505243399835990 656.566518487304850 0.137436270720232
5.720000000000000 435.194078665463000 658.626090520385220 0.138010364610627
5.730000000000000 435.882555316229910 660.688578645518080 0.138586373110686
5.740000000000000 436.570672891942880 662.753979541372810 0.139164302096998
5.750000000000000 437.258430933619880 664.822289883173080 0.139744157762493
5.760000000000000 437.945828982758480 666.893506342687830 0.140325946123622
5.770000000000001 438.632866581835400 668.967625588262880 0.140909673365026
5.780000000000000 439.319543273949190 671.044644284812760 0.141495345604695
5.790000000000000 440.005858603044940 673.124559093842320 0.142082968996338
5.800000000000000 440.691812113885130 675.207366673455450 0.142672549756789
5.810000000000001 441.377403351955190 677.293063678361480 0.143264094098735
5.820000000000000 442.062631863533400 679.381646759890710 0.143857608185990
5.830000000000000 442.747497195866630 681.473112566004150 0.144453098396042
5.840000000000000 443.431998896715980 683.567457741300700 0.145050570938777
5.850000000000001 444.116136514818440 685.664678927029510 0.145650032170380
5.860000000000000 444.799909599596220 687.764772761105750 0.146251488372481
5.870000000000000 445.483317701392710 689.867735878112970 0.146854945974078
5.880000000000000 446.166360371183430 691.973564909316450 0.147460411282232
5.890000000000000 446.849037160921680 694.082256482678990 0.148067890813879
5.900000000000000 447.531347623106630 696.193807222867350 0.148677390929094
5.910000000000000 448.213291311208480 698.308213751255040 0.149288918076191
5.920000000000000 448.894867779520720 700.425472685951830 0.149902478776084
5.930000000000000 449.576076583051820 702.545580641796050 0.150518079534667
5.940000000000000 450.256917277619100 704.668534230375830 0.151135726919001
5.950000000000000 450.937389419768120 706.794330060035580 0.151755427411339
5.960000000000000 451.617492567023480 708.922964735889080 0.152377187708915
5.970000000000000 452.297226277460710 711.054434859827100 0.153001014316735
5.980000000000000 452.976590110198740 713.188737030528390 0.153626913964653
5.990000000000000 453.655583624953070 715.325867843475180 0.154254893259712
6.000000000000000 454.334206382369530 717.465823890959540 0.154884958909197
6.010000000000000 455.012457943858920 719.608601762091440 0.155517117614319
6.020000000000001 455.690337871668870 721.754198042819780 0.156151376190077
6.030000000000000 456.367845728692600 723.902609315927180 0.156787741340500
6.040000000000000 457.044981078770890 726.053832161055990 0.157426219869256
6.050000000000000 457.721743486531640 728.207863154713320 0.158066818633419
6.060000000000001 458.398132517332900 730.364698870275450 0.158709544455061
6.070000000000000 459.074147737397030 732.524335878011930 0.159354404183524
6.080000000000000 459.749788713809150 734.686770745079680 0.160001404790842
6.090000000000000 460.425055014313050 736.852000035548600 0.160650553176870
6.100000000000001 461.099946207524170 739.020020310404790 0.161301856299768
6.110000000000000 461.774461862863350 741.190828127563580 0.161955321145411
6.120000000000000 462.448601550556300 743.364420041874720 0.162610954701279
6.130000000000000 463.122364841687900 745.540792605146750 0.163268764032679
6.140000000000001 463.795751308097120 747.719942366138410 0.163928756230164
6.150000000000000 464.468760522383380 749.901865870588270 0.164590938371861
6.160000000000000 465.141392057990400 752.086559661210340 0.165255317549154
6.170000000000000 465.813645489235910 754.274020277715980 0.165921900972988
6.180000000000000 466.485520391124060 756.464244256819030 0.166590695784741
6.190000000000000 467.157016339546260 758.657228132244540 0.167261709182882
6.200000000000000 467.828132911221810 760.852968434745890 0.167934948402627
6.210000000000000 468.498869683680990 763.051461692109110 0.168610420779531
6.220000000000000 469.169226235121470 765.252704429169280 0.169288133492456
6.230000000000000 469.839202144780470 767.456693167819370 0.169968093994847
6.240000000000000 470.508796992443190 769.663424427016370 0.170650309481038
6.250000000000000 471.178010359016470 771.872894722799170 0.171334787486118
6.260000000000000 471.846841825910530 774.085100568294250 0.172021535305924
6.270000000000001 472.515290975569940 776.300038473730410 0.172710560437072
6.280000000000000 473.183357391135640 778.517704946444610 0.173401870309593
6.290000000000000 473.851040656633300 780.738096490896740 0.174095472472555
6.300000000000000 474.518340356799340 782.961209608680290 0.174791374388097
6.310000000000001 475.185256077306920 785.187040798530570 0.175489583619010
6.320000000000000 475.851787404628230 787.415586556335030 0.176190107820567
6.330000000000000 476.517933925915710 789.646843375152120 0.176892954548141
6.340000000000000 477.183695229250870 791.880807745206990 0.177598131402128
6.350000000000001 477.849070903614180 794.117476153920960 0.178305646157802
6.360000000000000 478.514060538612110 796.356845085903390 0.179015506504584
6.370000000000000 479.178663724698030 798.598911022974450 0.179727720037493
6.380000000000000 479.842880053404140 800.843670444176380 0.180442294738220
6.390000000000001 480.506709116677370 803.091119825779170 0.181159238251844
6.400000000000000 481.170150507564190 805.341255641289990 0.181878558423867
6.410000000000000 481.833203819894440 807.594074361466940 0.182600263168740
6.420000000000000 482.495868648212710 809.849572454336680 0.183324360345030
6.430000000000000 483.158144587938690 812.107746385189220 0.184050857839296
6.440000000000000 483.820031235372200 814.368592616604020 0.184779763655263
6.450000000000000 484.481528187537550 816.632107608451410 0.185511085766321
6.460000000000000 485.142635042296430 818.898287817912210 0.186244832156753
6.470000000000000 485.803351398384850 821.167129699474910 0.186981010872813
6.480000000000000 486.463676855358530 823.438629704959570 0.187719629998322
6.490000000000000 487.123611013583120 825.712784283520930 0.188460697739637
6.500000000000000 487.783153474074990 827.989589881663280 0.189204222047805
6.510000000000000 488.442303839008900 830.269042943249590 0.189950211227051
6.520000000000001 489.101061711151600 832.551139909512360 0.190698673500536
6.530000000000000 489.759426694063510 834.835877219065310 0.191449616979064
6.540000000000000 490.417398392350210 837.123251307912480 0.192203050030657
6.550000000000000 491.074976411271790 839.413258609457670 0.192958981028928
6.560000000000001 491.732160356792750 841.705895554522500 0.193717418101298
6.570000000000000 492.388949836060990 844.001158571348580 0.194478369853127
6.580000000000000 493.045344456645410 846.299044085612760 0.195241844463162
6.590000000000000 493.701343827321470 848.599548520435860 0.196007850532407
6.600000000000001 494.356947557409400 850.902668296396880 0.196776396501827
6.610000000000000 495.012155257104040 853.208399831540530 0.197547490792910
6.620000000000000 495.666966537562810 855.516739541390390 0.198321141989048
6.630000000000000 496.321381010690570 857.827683838952230 0.199097358698120
6.640000000000001 496.975398289156770 860.141229134746030 0.199876149485093
6.650000000000000 497.629017986523650 862.457371836782160 0.200657522927003
6.660000000000000 498.282239717281470 864.776108350606360 0.201441487869527
6.670000000000000 498.935063096464550 867.097435079289770 0.202228052868186
6.680000000000000 499.587487740184030 869.421348423447510 0.203017226684534
6.690000000000000 500.239513265346430 871.747844781246840 0.203809018125207
6.700000000000000 500.891139289637810 874.076920548419590 0.204603435997058
6.710000000000000 501.542365431580490 876.408572118273240 0.205400489140639
6.720000000000000 502.193191310535380 878.742795881700200 0.206200186472718
6.730000000000000 502.843616546636840 881.079588227189220 0.207002536853289
6.740000000000000 503.493640760939630 883.418945540837170 0.207807549200084
6.750000000000000 504.143263575382550 885.760864206357380 0.208615232638886
6.760000000000000 504.792484612517460 888.105340605088370 0.209425596045509
6.770000000000001 505.441303495959290 890.452371116017500 0.210238648595681
6.780000000000000 506.089719849972140 892.801952115776770 0.211054399256547
6.790000000000000 506.737733299851130 895.154079978661340 0.211872857339123
6.800000000000000 507.385343471445480 897.508751076632620 0.212694031830677
6.810000000000001 508.032549991715710 899.865961779341660 0.213517932024265
6.820000000000000 508.679352488318100 902.225708454132360 0.214344567161648
6.830000000000000 509.325750589741060 904.587987466048050 0.215173946461952
6.840000000000000 509.971743925395340 906.952795177852750 0.216006079291257
6.850000000000001 510.617332125447210 909.320127950035730 0.216840975049741
6.860000000000000 511.262514820824660 911.689982140817620 0.217678643005443
6.870000000000000 511.907291643471860 914.062354106168640 0.218519092676404
6.880000000000000 512.551662226030430 916.437240199824150 0.219362333469146
6.890000000000001 513.195626202062730 918.814636773285880 0.220208374967762
6.900000000000000 513.839183205844850 921.194540175826210 0.221057226619645
6.910000000000000 514.482332872624970 923.576946754517730 0.221908898004722
6.920000000000000 515.125074838483440 925.961852854229850 0.222763398853718
6.930000000000000 515.767408740169690 928.349254817650030 0.223620738683163
6.940000000000000 516.409334215470720 930.739148985286420 0.224480927282890
6.950000000000000 517.050850902870020 933.131531695473430 0.225343974292616
6.960000000000000 517.691958441820930 935.526399284400670 0.226209889575437
6.970000000000000 518.332656472481400 937.923748086108730 0.227078682894924
6.980000000000000 518.972944635913560 940.323574432498840 0.227950364129448
6.990000000000000 519.612822573975900 942.725874653363580 0.228824943081283
7.000000000000000 520.252289929487010 945.130645076365230 0.229702429828076
7.010000000000000 520.891346345893110 947.537882027082450 0.230582834165626
7.020000000000001 521.529991467720950 949.947581828986590 0.231466166275716
7.030000000000000 522.168224940092950 952.359740803480920 0.232352436072810
7.040000000000000 522.806046409157030 954.774355269898020 0.233241653692868
7.050000000000000 523.443455521834040 957.191421545500480 0.234133829228367
7.060000000000001 524.080451925934200 959.610935945520740 0.235028972991475
7.070000000000000 524.717035269912230 962.032894783140140 0.235927094973728
7.080000000000000 525.353205203361990 964.457294369526380 0.236828205546098
7.090000000000000 525.988961376553790 966.884131013817180 0.237732315115589
7.100000000000001 526.624303440444350 969.313401023152320 0.238639433754497
7.110000000000000 527.259231047183900 971.745100702682070 0.239549572000337
7.120000000000000 527.893743849544760 974.179226355575680 0.240462740296986
7.130000000000000 528.527841501105290 976.615774283012340 0.241378949049741
7.140000000000001 529.161523656357080 979.054740784230830 0.242298208729496
7.150000000000000 529.794789970673040 981.496122156506540 0.243220529920300
7.160000000000000 530.427640100213920 983.939914695178570 0.244145923222627
7.170000000000000 531.060073701963460 986.386114693656510 0.245074399256400
7.180000000000000 531.692090433759060 988.834718443421820 0.246005968572155
7.190000000000000 532.323689954436870 991.285722234075370 0.246940642180716
7.200000000000000 532.954871923291990 993.739122353284980 0.247878430494110
7.210000000000000 533.585636000908380 996.194915086859400 0.248819344512440
7.220000000000000 534.215981848456070 998.653096718716140 0.249763395132759
7.230000000000000 534.845909127882120 1001.113663530915900 0.250710592973372
7.240000000000000 535.475417502320060 1003.576611803663700 0.251660949264639
7.250000000000000 536.104506635368470 1006.041937815311100 0.252614474879035
7.260000000000000 536.733176191601960 1008.509637842392700 0.253571180729787
7.270000000000001 537.361425836573520 1010.979708159617300 0.254531078055485
7.280000000000000 537.989255236463350 1013.452145039867100 0.255494177834180
7.290000000000000 538.616664058460510 1015.926944754241200 0.256460491287791
7.300000000000000 539.243651970515200 1018.404103572042300 0.257430029608867
7.310000000000001 539.870218641431730 1020.883617760792200 0.258402804014882
7.320000000000000 540.496363740893460 1023.365483586248600 0.259378825854745
7.330000000000000 541.122086939357930 1025.849697312399500 0.260358106390613
7.340000000000000 541.747387908218570 1028.336255201505100 0.261340657023345
7.350000000000001 542.372266319691560 1030.825153514069600 0.262326489265829
7.360000000000000 542.996721846737270 1033.316388508885000 0.263315614483878
7.370000000000000 543.620754163293210 1035.809956443022000 0.264308044286647
7.380000000000000 544.244362944037900 1038.305853571842100 0.265303790095490
7.390000000000001 544.867547864670430 1040.804076149028800 0.266302863793864
7.400000000000000 545.490308601418410 1043.304620426561800 0.267305276742737
7.410000000000000 546.112644831711920 1045.807482654763600 0.268311040901437
7.420000000000000 546.734556233533910 1048.312659082290100 0.269320167803816
7.430000000000000 547.356042485975540 1050.820145956143500 0.270332669469276
7.440000000000000 547.977103268724930 1053.329939521690000 0.271348557634283
7.450000000000000 548.597738262453160 1055.842036022659400 0.272367844200422
7.460000000000000 549.217947148677810 1058.356431701169200 0.273390541149988
7.470000000000000 549.837729609726240 1060.873122797726200 0.274416660459330
7.480000000000000 550.457085328798480 1063.392105551237800 0.275446214258906
7.490000000000000 551.076013989847750 1065.913376199019900 0.276479214439148
7.500000000000000 551.694515277908070 1068.436930976824400 0.277515673418663
7.510000000000000 552.312588878552900 1070.962766118824000 0.278555603213240
7.520000000000001 552.930234478406080 1073.490877857641900 0.279599016075720
7.530000000000000 553.547451764929970 1076.021262424355400 0.280645924409535
7.540000000000000 554.164240426314340 1078.553916048509100 0.281696340446383
7.550000000000000 554.780600151723210 1081.088834958121200 0.282750276676672
7.560000000000001 555.396530631064140 1083.626015379697500 0.283807745464301
7.570000000000000 556.012031555183740 1086.165453538242200 0.284868759328174
7.580000000000000 556.627102615752850 1088.707145657273000 0.285933330912779
7.590000000000000 557.241743505186380 1091.251087958816200 0.287001472649507
7.600000000000001 557.855953916930390 1093.797276663435000 0.288073197381382
7.610000000000000 558.469733545072360 1096.345707990225000 0.289148517612100
7.620000000000000 559.083082084762960 1098.896378156843000 0.290227446305631
7.630000000000000 559.695999231777930 1101.449283379498200 0.291309996040648
7.640000000000001 560.308484682985640 1104.004419872977900 0.292396179874348
7.650000000000000 560.920538135893480 1106.561783850642800 0.293486010728915
7.660000000000000 561.532159288848790 1109.121371524457600 0.294579501365240
7.670000000000000 562.143347841263110 1111.683179104979400 0.295676665043522
7.680000000000000 562.754103493144040 1114.247202801388100 0.296777514560735
7.690000000000000 563.364425945635280 1116.813438821484200 0.297882063393908
7.700000000000000 563.974314900365240 1119.381883371700500 0.298990324445147
7.710000000000000 564.583770060099600 1121.952532657123100 0.300102311053797
7.720000000000000 565.192791128344420 1124.525382881488900 0.301218036522869
7.730000000000000 565.801377809440620 1127.100430247194000 0.302337514125053
7.740000000000000 566.409529808650290 1129.677670955331500 0.303460757435745
7.750000000000000 567.017246831905480 1132.257101205661000 0.304587779646241
7.760000000000000 567.624528586252720 1134.838717196654700 0.305718594517657
7.770000000000001 568.231374779333810 1137.422515125485500 0.306853215409670
7.780000000000000 568.837785119845530 1140.008491188047600 0.307991656023743
7.790000000000000 569.443759317252670 1142.596641578968000 0.309133930195210
7.800000000000000 570.049297081712670 1145.186962491614800 0.310280051448679
7.810000000000001 570.654398124439350 1147.779450118094000 0.311430033618674
7.820000000000000 571.259062157451470 1150.374100649287100 0.312583890515709
7.830000000000000 571.863288893652340 1152.970910274844500 0.313741636346896
7.840000000000000 572.467078046500090 1155.569875183190300 0.314903284588079
7.850000000000001 573.070429330774460 1158.170991561557500 0.316068849644276
7.860000000000000 573.673342461730730 1160.774255595958500 0.317238345462311
7.870000000000000 574.275817155600290 1163.379663471241200 0.318411786152727
7.880000000000000 574.877853129488020 1165.987211371066900 0.319589185933719
7.890000000000001 575.479450101325140 1168.596895477932100 0.320770559093037
7.900000000000000 576.080607789859530 1171.208711973178900 0.321955919870266
7.910000000000000 576.681325914757050 1173.822657037003900 0.323145282783991
7.920000000000000 577.281604196394710 1176.438726848472500 0.324338662051078
7.930000000000001 577.881442356199840 1179.056917585525500 0.325536072390229
7.940000000000000 578.480840116236440 1181.677225424976300 0.326737528187678
7.950000000000000 579.079797199571540 1184.299646542560400 0.327943044113135
7.960000000000000 579.678313330067450 1186.924177112899300 0.329152634903396
7.970000000000000 580.276388232376690 1189.550813309544500 0.330366315212760
7.980000000000000 580.874021632073890 1192.179551304971000 0.331584099835105
7.990000000000000 581.471213255583390 1194.810387270589200 0.332806003683259
8.000000000000000 582.067962830127270 1197.443317376767000 0.334032041657199
8.010000000000000 582.664270083793440 1200.078337792820800 0.335262228721271
8.020000000000000 583.260134745533260 1202.715444687041300 0.336496579988309
8.029999999999999 583.855556545084480 1205.354634226700900 0.337735110327510
8.040000000000001 584.450535213244280 1207.995902578064700 0.338977835307970
8.050000000000001 585.045070481302450 1210.639245906386100 0.340224769866433
8.060000000000001 585.639162081659830 1213.284660375943100 0.341475929420721
8.070000000000000 586.232809747457850 1215.932142150026700 0.342731329253000
8.080000000000000 586.826013212754330 1218.581687390969800 0.343990984791181
8.090000000000000 587.418772212451470 1221.233292260130200 0.345254911609978
8.100000000000000 588.011086482224530 1223.886952917931000 0.346523125267570
8.109999999999999 588.602955758593110 1226.542665523853000 0.347795641379733
8.120000000000001 589.194379778927550 1229.200426236455500 0.349072475343911
8.130000000000001 589.785358281690950 1231.860231213368500 0.350353643410046
8.140000000000001 590.375891005766110 1234.522076611330000 0.351639161014734
8.150000000000000 590.965977691206940 1237.185958586172300 0.352929044310666
8.160000000000000 591.555618078685370 1239.851873292841400 0.354223308919444
8.170000000000000 592.144811909996410 1242.519816885412900 0.355521971173773
8.180000000000000 592.733558927515450 1245.189785517095100 0.356825046976986
8.190000000000000 593.321858874615600 1247.861775340237000 0.358132552644046
8.199999999999999 593.909711495380180 1250.535782506347700 0.359444504078029
8.210000000000001 594.497116535000260 1253.211803166096400 0.360760917923424
8.220000000000001 595.084073739217730 1255.889833469335100 0.362081810503686
8.230000000000000 595.670582854648500 1258.569869565089400 0.363407197863242
8.240000000000000 596.256643629064680 1261.251907601595800 0.364737096872023
8.250000000000000 596.842255810776810 1263.935943726284900 0.366071524006587
8.260000000000000 597.427419149012050 1266.621974085807800 0.367410496067198
8.270000000000000 598.012133393709180 1269.309994826043700 0.368754029222576
8.279999999999999 598.596398296081250 1272.000002092105900 0.370102140859101
8.290000000000001 599.180213607695580 1274.691992028354700 0.371454847417769
8.300000000000001 599.763579081286820 1277.385960778408200 0.372812166142600
8.310000000000001 600.346494470174210 1280.081904485145100 0.374174113534799
8.320000000000000 600.928959528905010 1282.779819290737100 0.375540707212855
8.330000000000000 601.510974012430780 1285.479701336629400 0.376911963970014
8.340000000000000 602.092537676812980 1288.181546763571500 0.378287901123340
8.350000000000000 602.673650278868650 1290.885351711612900 0.379668535960102
8.359999999999999 603.254311576250870 1293.591112320126700 0.381053885643320
8.370000000000001 603.834521327600330 1296.298824727817600 0.382443967861743
8.380000000000001 604.414279292196970 1299.008485072723300 0.383838799895280
8.390000000000001 604.993585230330720 1301.720089492229400 0.385238399549688
8.400000000000000 605.572438902956260 1304.433634123074600 0.386642784334016
8.410000000000000 606.150840071975950 1307.149115101380600 0.388051971909555
8.420000000000000 606.728788500179800 1309.866528562633000 0.389465980149563
8.430000000000000 607.306283951142290 1312.585870641716600 0.390884826946981
8.440000000000000 607.883326189264840 1315.307137472903600 0.392308530251461
8.449999999999999 608.459914979790140 1318.030325189885800 0.393737107929960
8.460000000000001 609.036050088919410 1320.755429925767400 0.395170578391386
8.470000000000001 609.611731283468320 1323.482447813079900 0.396608959367537
8.480000000000000 610.186958331422370 1326.211374983798100 0.398052269683247
8.490000000000000 610.761731001191490 1328.942207569348100 0.399500527251090
8.500000000000000 611.336049062334840 1331.674941700603100 0.400953750661551
8.510000000000000 611.909912285122350 1334.409573507916100 0.402411958103411
8.520000000000000 612.483320440881930 1337.146099121109700 0.403875168700825
8.529999999999999 613.056273301382700 1339.884514669505100 0.405343400569438
8.540000000000001 613.628770639616620 1342.624816281919000 0.406816672838200
8.550000000000001 614.200812229129500 1345.367000086665300 0.408295003966124
8.560000000000001 614.772397844555260 1348.111062211598700 0.409778413170472
8.570000000000000 615.343527261135020 1350.856998784082000 0.411266919113518
8.580000000000000 615.914200255165840 1353.604805931025100 0.412760541121596
8.590000000000000 616.484416603590600 1356.354479778890200 0.414259298132891
8.600000000000000 617.054176084327080 1359.106016453689100 0.415763209409069
8.609999999999999 617.623478476098510 1361.859412081006000 0.417272294468645
8.620000000000001 618.192323558314000 1364.614662786010100 0.418786572170122
8.630000000000001 618.760711111579440 1367.371764693445600 0.420306062567472
8.640000000000001 619.328640916932950 1370.130713927659800 0.421830784838334
8.650000000000000 619.896112756503040 1372.891506612614400 0.423360758703674
8.660000000000000 620.463126413193660 1375.654138871879700 0.424896003912400
8.670000000000000 621.029681670722990 1378.418606828661500 0.426436540167222
8.680000000000000 621.595778313711320 1381.184906605797800 0.427982387498187
8.690000000000000 622.161416127518240 1383.953034325771800 0.429533565806903
8.700000000000001 622.726594898386110 1386.722986110739800 0.431090095186547
8.710000000000001 623.291314413369380 1389.494758082495100 0.432651995655041
8.720000000000001 623.855574460440950 1392.268346362538500 0.434219287488801
8.730000000000000 624.419374828378180 1395.043747072043500 0.435791991173288
8.740000000000000 624.982715306683760 1397.820956331874900 0.437370126904827
8.750000000000000 625.545595685831930 1400.599970262614300 0.438953715246664
8.760000000000000 626.108015757085700 1403.380784984556400 0.440542776801431
8.770000000000000 626.669975312529000 1406.163396617714400 0.442137332243947
8.779999999999999 627.231474145077410 1408.947801281850200 0.443737402340819
8.790000000000001 627.792512048476400 1411.733995096462400 0.445343007719852
8.800000000000001 628.353088817446290 1414.521974180801200 0.446954169840395
8.810000000000001 628.913204247210960 1417.311734653893200 0.448570909155026
8.820000000000000 629.472858134193980 1420.103272634527900 0.450193247160221
8.830000000000000 630.032050275415030 1422.896584241285400 0.451821204942680
8.840000000000000 630.590780468806430 1425.691665592541100 0.453454803731708
8.850000000000000 631.149048513180110 1428.488512806469300 0.455094065001158
8.859999999999999 631.706854208132430 1431.287122001063400 0.456739010301377
8.870000000000001 632.264197354054890 1434.087489294133300 0.458389661174050
8.880000000000001 632.821077752196970 1436.889610803326800 0.460046039240448
8.890000000000001 633.377495204674120 1439.693482646126300 0.461708166301421
8.900000000000000 633.933449514414970 1442.499100939882700 0.463376064364368
8.910000000000000 634.488940485093850 1445.306461801791600 0.465049755118751
8.920000000000000 635.043967921380610 1448.115561348927900 0.466729260900903
8.930000000000000 635.598531628607130 1450.926395698245000 0.468414603510247
8.940000000000000 636.152631413147670 1453.738960966591500 0.470105805577387
8.950000000000001 636.706267081978470 1456.553253270710700 0.471802889409142
8.960000000000001 637.259438442930330 1459.369268727254600 0.473505877110689
8.970000000000001 637.812145304864090 1462.187003452804200 0.475214791429078
8.980000000000000 638.364387477347920 1465.006453563861000 0.476929655159007
8.990000000000000 638.916164770688850 1467.827615176865300 0.478650491006958
9.000000000000000 639.467476996042820 1470.650484408205600 0.480377321355154
9.010000000000000 640.018323965659080 1473.475057374238300 0.482110169825464
9.020000000000000 640.568705492218900 1476.301330191269700 0.483849058991987
9.029999999999999 641.118621389500500 1479.129298975593900 0.485594012162219
9.040000000000001 641.668071472013030 1481.958959843492000 0.487345052562871
9.050000000000001 642.217055555101410 1484.790308911238100 0.489102203484567
9.060000000000001 642.765573454967470 1487.623342295106600 0.490865488406185
9.070000000000000 643.313624988620630 1490.458056111394200 0.492634931026534
9.080000000000000 643.861209973812380 1493.294446476424400 0.494410554663301
9.090000000000000 644.408328229307930 1496.132509506539700 0.496192383287192
9.100000000000000 644.954979574577350 1498.972241318139800 0.497980441101583
9.109999999999999 645.501163829726470 1501.813638027672600 0.499774751308808
9.120000000000001 646.046880816109140 1504.656695751647500 0.501575338412356
9.130000000000001 646.592130355663700 1507.501410606646700 0.503382226771950
9.140000000000001 647.136912271053230 1510.347778709327500 0.505195440436266
9.150000000000000 647.681226385893980 1513.195796176444900 0.507015003660631
9.160000000000000 648.225072524698820 1516.045459124850800 0.508840941215511
9.170000000000000 648.768450512656050 1518.896763671509700 0.510673277846631
9.180000000000000 649.311360175702930 1521.749705933494400 0.512512037655838
9.190000000000000 649.853801340928500 1524.604282028019500 0.514357246020048
9.200000000000001 650.395773835947580 1527.460488072423700 0.516208927669123
9.210000000000001 650.937277489306210 1530.318320184199600 0.518067107693270
9.220000000000001 651.478312130347600 1533.177774480995100 0.519931811268121
9.230000000000000 652.018877589225550 1536.038847080615800 0.521803063658300
9.240000000000000 652.558973696915930 1538.901534101057200 0.523680890141353
9.250000000000000 653.098600285267820 1541.765831660482700 0.525565316328521
9.260000000000000 653.637757186887710 1544.631735877258300 0.527456367621744
9.270000000000000 654.176444235306350 1547.499242869947500 0.529354070229358
9.279999999999999 654.714661264621100 1550.368348757328900 0.531258449468975
9.290000000000001 655.252408110013330 1553.239049658402100 0.533169531570816
9.300000000000001 655.789684607337680 1556.111341692389500 0.535087342328898
9.310000000000001 656.326490593403380 1558.985220978762500 0.537011908311076
9.320000000000000 656.862825905639970 1561.860683637237600 0.538943255478318
9.330000000000000 657.398690382463310 1564.737725787783300 0.540881410277403
9.340000000000000 657.934083863088060 1567.616343550645800 0.542826399718512
9.350000000000000 658.469006187305920 1570.496533046339200 0.544778249638110
9.359999999999999 659.003457196129150 1573.378290395664200 0.546736987541702
9.370000000000001 659.537436731018940 1576.261611719718800 0.548702639974239
9.380000000000001 660.070944634421490 1579.146493139910000 0.550675233774705
9.390000000000001 660.603980749679640 1582.032930777937300 0.552654796551004
9.400000000000000 661.136544920715660 1584.920920755846700 0.554641355150767
9.410000000000000 661.668636992461980 1587.810459195996600 0.556634937069125
9.420000000000000 662.200256810603830 1590.701542221098200 0.558635569842018
9.430000000000000 662.731404221619190 1593.594165954207300 0.560643281032503
9.440000000000000 663.262079072824580 1596.488326518734100 0.562658098470151
9.450000000000001 663.792281212306310 1599.384020038463200 0.564680049978808
9.460000000000001 664.322010488982410 1602.281242637551300 0.566709163491204
9.470000000000001 664.851266752609490 1605.179990440543200 0.568745467127057
9.480000000000000 665.380049853753010 1608.080259572373100 0.570788989252692
9.490000000000000 665.908359643730710 1610.982046158386100 0.572839757969129
9.500000000000000 666.436195974795620 1613.885346324337900 0.574897802351311
9.510000000000000 666.963558699741610 1616.790156196403400 0.576963150214767
9.520000000000000 667.490447672547250 1619.696471901186900 0.579035831006185
9.529999999999999 668.016862747679400 1622.604289565739000 0.581115873211805
9.540000000000001 668.542803780596390 1625.513605317556100 0.583203306151951
9.550000000000001 669.068270627424230 1628.424415284582000 0.585298158570290
9.560000000000001 669.593263145278910 1631.336715595251500 0.587400460209062
9.570000000000000 670.117781191872040 1634.250502378445600 0.589510240029120
9.580000000000000 670.641824625923960 1637.165771763551900 0.591627527911389
9.590000000000000 671.165393306808140 1640.082519880437100 0.593752353328229
9.600000000000000 671.688487094794480 1643.000742859484500 0.595884746284328
9.609999999999999 672.211105850871040 1645.920436831578900 0.598024736563186
9.620000000000001 672.733249436902040 1648.841597928121000 0.600172354320655
9.630000000000001 673.254917715522310 1651.764222281046400 0.602327629415304
9.640000000000001 673.776110550326730 1654.688306022835800 0.604490593148074
9.650000000000000 674.296827805299470 1657.613845286504800 0.606661274969127
9.660000000000000 674.817069345681600 1660.540836205628500 0.608839706155377
9.670000000000000 675.336835037235010 1663.469274914349400 0.611025916970137
9.680000000000000 675.856124746741440 1666.399157547377900 0.613219938954146
9.690000000000000 676.374938341512350 1669.330480240008900 0.615421802688793
9.700000000000001 676.893275689860840 1672.263239128127700 0.617631539474306
9.710000000000001 677.411136660853230 1675.197430348222700 0.619849180603002
9.720000000000001 677.928521124372540 1678.133050037384000 0.622074757719960
9.730000000000000 678.445428951029610 1681.070094333326300 0.624308302381590
9.740000000000000 678.961860012260900 1684.008559374380900 0.626549846318972
9.750000000000000 679.477814180314790 1686.948441299518900 0.628799421066051
9.760000000000000 679.993291328392500 1689.889736248356500 0.631057059623261
9.770000000000000 680.508291330100630 1692.832440361157500 0.633322793268196
9.779999999999999 681.022814060224390 1695.776549778854400 0.635596654646343
9.790000000000001 681.536859394221890 1698.722060643038300 0.637878676475339
9.800000000000001 682.050427208256680 1701.668969095977200 0.640168891264370
9.810000000000001 682.563517379343350 1704.617271280644700 0.642467331779555
9.820000000000000 683.076129785302900 1707.566963340684000 0.644774030748521
9.830000000000000 683.588264304837590 1710.518041420464200 0.647089021649275
9.840000000000000 684.099920817289790 1713.470501665054400 0.649412337471355
9.850000000000000 684.611099202898570 1716.424340220242400 0.651744011819041
9.859999999999999 685.121799342614620 1719.379553232561200 0.654084078118063
9.870000000000001 685.632021118231930 1722.336136849264000 0.656432570027850
9.880000000000001 686.141764412355200 1725.294087218364400 0.658789521575188
9.890000000000001 686.651029108316150 1728.253400488622000 0.661154966592595
9.900000000000000 687.159815090310190 1731.214072809567100 0.663528939505774
9.910000000000000 687.668122243225750 1734.176100331498400 0.665911474154975
9.920000000000000 688.175950452931600 1737.139479205498700 0.668302605802657
9.930000000000000 688.683299605788420 1740.104205583434600 0.670702368332828
9.940000000000000 689.190169589240330 1743.070275617982800 0.673110797244356
9.950000000000001 689.696560291256450 1746.037685462612700 0.675527926880002
9.960000000000001 690.202471600833060 1749.006431271617900 0.677953792826783
9.970000000000001 690.707903407581280 1751.976509200109100 0.680388429982163
9.980000000000000 691.212855602048880 1754.947915404035300 0.682831874062367
