0.020000000000000 0.244636024458528
0.030000000000000 0.366959736934245
0.040000000000000 0.489290287617795
0.050000000000000 0.611629958252489
0.060000000000000 0.733981027644592
0.070000000000000 0.856345777450716
0.080000000000000 0.978726487999461
0.090000000000000 1.101125440100802
0.100000000000000 1.223544914302716
0.110000000000000 1.345987194104937
0.120000000000000 1.468454561161261
0.130000000000000 1.590949297409301
0.140000000000000 1.713473687061242
0.150000000000000 1.836030014103084
0.160000000000000 1.958620561950679
0.170000000000000 2.081247617871814
0.180000000000000 2.203913465846627
0.190000000000000 2.326620394172728
0.200000000000000 2.449370689569812
0.210000000000000 2.572166640941989
0.220000000000000 2.695010537527380
0.230000000000000 2.817904670668073
0.240000000000000 2.940851330245440
0.250000000000000 3.063852810086459
0.260000000000000 3.186911402978637
0.270000000000000 3.310029404126332
0.280000000000000 3.433209109448228
0.290000000000000 3.556452816541252
0.300000000000000 3.679762823261986
0.310000000000000 3.803141430447069
0.320000000000000 3.926590938460408
0.330000000000000 4.050113650287847
0.340000000000000 4.173711871199208
0.350000000000000 4.297387905278177
0.360000000000000 4.421144060865069
0.370000000000000 4.544982647000346
0.380000000000000 4.668905973752636
0.390000000000000 4.792916354338523
0.400000000000000 4.917016101423991
0.410000000000000 5.041207533068960
0.420000000000000 5.165492964792624
0.430000000000000 5.289874718437588
0.440000000000000 5.414355114297735
0.450000000000000 5.538936476819894
0.460000000000000 5.663621130917699
0.470000000000000 5.788411406275574
0.480000000000000 5.913309630708397
0.490000000000000 6.038318136892449
0.500000000000000 6.163439261035527
0.510000000000000 6.288675337890234
0.520000000000000 6.414028706927404
0.530000000000000 6.539501709795604
0.540000000000000 6.665096691174147
0.550000000000000 6.790815995982412
0.560000000000000 6.916661974103509
0.570000000000000 7.042636976146473
0.580000000000000 7.168743358021637
0.590000000000000 7.294983474199826
0.600000000000000 7.421359685191555
0.610000000000000 7.547874353267500
0.620000000000000 7.674529843342921
0.630000000000000 7.801328523929729
0.640000000000000 7.928272764170638
0.650000000000000 8.055364940004393
0.660000000000000 8.182607427520267
0.670000000000000 8.310002605957378
0.680000000000000 8.437552857596442
0.690000000000000 8.565260571138945
0.700000000000000 8.693128133168907
0.710000000000000 8.821157937710561
0.720000000000000 8.949352380399876
0.730000000000000 9.077713860412395
0.740000000000000 9.206244779646639
0.750000000000000 9.334947544927793
0.760000000000000 9.463824566128272
0.770000000000000 9.592878254970554
0.780000000000000 9.722111029358107
0.790000000000000 9.851525308995187
0.800000000000000 9.981123517911833
0.810000000000000 10.110908083487953
0.820000000000000 10.240881438880900
0.830000000000000 10.371046017238754
0.840000000000000 10.501404258989504
0.850000000000000 10.631958607292850
0.860000000000000 10.762711508316395
0.870000000000000 10.893665414904305
0.880000000000000 11.024822781123069
0.890000000000000 11.156186066610632
0.900000000000000 11.287757735095751
0.910000000000000 11.419540254586261
0.920000000000000 11.551536096648602
0.930000000000000 11.683747738284200
0.940000000000000 11.816177660061761
0.950000000000000 11.948828346837695
0.960000000000000 12.081702288635066
0.970000000000000 12.214801980098422
0.980000000000000 12.348129919911040
