0.010000000000000 0.100196359111442
0.020000000000000 0.100190782843317
0.030000000000000 0.100182745321903
0.040000000000000 0.100172247612830
0.050000000000000 0.100159290830556
0.060000000000000 0.100143876515020
0.070000000000000 0.100126006533583
0.080000000000000 0.100105682979838
0.090000000000000 0.100082908246474
0.100000000000000 0.100057684996879
0.110000000000000 0.100030016177482
0.120000000000000 0.099999905181871
0.130000000000000 0.099967355469427
0.140000000000000 0.099932370852937
0.150000000000000 0.099894955550857
0.160000000000000 0.099855113833715
0.170000000000000 0.099812850595220
0.180000000000000 0.099768170592530
0.190000000000000 0.099721079153864
0.200000000000000 0.099671581928207
0.210000000000000 0.099619684564207
0.220000000000000 0.099565393245850
0.230000000000000 0.099508714289764
0.240000000000000 0.099449654269305
0.250000000000000 0.099388220275943
0.260000000000000 0.099324419224978
0.270000000000000 0.099258258804694
0.280000000000000 0.099189746485761
0.290000000000000 0.099118890377932
0.300000000000000 0.099045698688465
0.310000000000000 0.098970179829079
0.320000000000000 0.098892342631092
0.330000000000000 0.098812196007105
0.340000000000000 0.098729749262328
0.350000000000000 0.098645011788210
0.360000000000000 0.098557993419820
0.370000000000000 0.098468704114115
0.380000000000000 0.098377154048453
0.390000000000000 0.098283353762201
0.400000000000000 0.098187313806502
0.410000000000000 0.098089045264007
0.420000000000000 0.097988559154865
0.430000000000000 0.097885866964527
0.440000000000000 0.097780980237567
0.450000000000000 0.097673910733724
0.460000000000000 0.097564670705398
0.470000000000000 0.097453272187821
0.480000000000000 0.097339727778750
0.490000000000000 0.097224050018655
0.500000000000000 0.097106251969853
0.510000000000000 0.096986346539090
0.520000000000000 0.096864347166305
0.530000000000000 0.096740267097607
0.540000000000000 0.096614120260367
0.550000000000000 0.096485920327927
0.560000000000000 0.096355681412755
0.570000000000000 0.096223417620379
0.580000000000000 0.096089143524089
0.590000000000000 0.095952873548406
0.600000000000000 0.095814622457986
0.610000000000000 0.095674405214837
0.620000000000000 0.095532236794239
0.630000000000000 0.095388132511436
0.640000000000000 0.095242107629261
0.650000000000000 0.095094177832271
0.660000000000000 0.094944358655852
0.670000000000000 0.094792666077859
0.680000000000000 0.094639115847763
0.690000000000000 0.094483724321530
0.700000000000000 0.094326507546671
0.710000000000000 0.094167481883614
0.720000000000000 0.094006664006055
0.730000000000000 0.093844070337732
0.740000000000000 0.093679717668316
0.750000000000000 0.093513622878272
0.760000000000000 0.093345802896048
0.770000000000000 0.093176274745263
0.780000000000000 0.093005055652083
0.790000000000000 0.092832162834509
0.800000000000000 0.092657613655804
0.810000000000000 0.092481425582573
0.820000000000000 0.092303616145732
0.830000000000000 0.092124202970124
0.840000000000000 0.091943203750541
0.850000000000000 0.091760636253987
0.860000000000000 0.091576518344475
0.870000000000000 0.091390867932628
0.880000000000000 0.091203703038305
0.890000000000000 0.091015041622977
0.900000000000000 0.090824901877445
0.910000000000000 0.090633301925037
0.920000000000000 0.090440259971407
0.930000000000000 0.090245794281514
0.940000000000000 0.090049923134481
0.950000000000000 0.089852664863727
0.960000000000000 0.089654037930372
0.970000000000000 0.089454060595719
0.980000000000000 0.089252751394241
