0.100000000000000 10.023125092863513
0.110000000000000 8.283542746143253
0.120000000000000 6.960447659288871
0.130000000000000 5.930768532824780
0.140000000000000 5.113749621091526
0.150000000000000 4.454620408800404
0.160000000000000 3.915171408599940
0.170000000000000 3.468089230267054
0.180000000000000 3.093429972616039
0.190000000000000 2.776355814741218
0.200000000000000 2.505642998279692
0.210000000000000 2.272674734389828
0.220000000000000 2.070746948010685
0.230000000000000 1.894580511379556
0.240000000000000 1.739972670450379
0.250000000000000 1.603544036215128
0.260000000000000 1.482552336884718
0.270000000000000 1.374753535114844
0.280000000000000 1.278297015167791
0.290000000000000 1.191645629542115
0.300000000000000 1.113514075383136
0.310000000000000 1.042820951775918
0.320000000000000 0.978651143931519
0.330000000000000 0.920226054646251
0.340000000000000 0.866879875636617
0.350000000000000 0.818040534730158
0.360000000000000 0.773214294540978
0.370000000000000 0.731973223307937
0.380000000000000 0.693944945347786
0.390000000000000 0.658804204991104
0.400000000000000 0.626265888446250
0.410000000000000 0.596079222354910
0.420000000000000 0.568022927451034
0.430000000000000 0.541901151845485
0.440000000000000 0.517540043351371
0.450000000000000 0.494784849696340
0.460000000000000 0.473497454735441
0.470000000000000 0.453554276879522
0.480000000000000 0.434844472819840
0.490000000000000 0.417268392710095
0.500000000000000 0.400736250782891
0.510000000000000 0.385166977185637
0.520000000000000 0.370487221125921
0.530000000000000 0.356630485826942
0.540000000000000 0.343536374193494
0.550000000000000 0.331149929245749
0.560000000000000 0.319421056739987
0.570000000000000 0.308304017731377
0.580000000000000 0.297756981978345
0.590000000000000 0.287741634000963
0.600000000000000 0.278222824246168
0.610000000000000 0.269168260542583
0.620000000000000 0.260548233846861
0.630000000000000 0.252335373911915
0.640000000000000 0.244504432157795
0.650000000000000 0.237032086983204
0.660000000000000 0.229896770155373
0.670000000000000 0.223078510943841
0.680000000000000 0.216558796160125
0.690000000000000 0.210320444290192
0.700000000000000 0.204347492299603
0.710000000000000 0.198625093346628
0.720000000000000 0.193139424442275
0.730000000000000 0.187877602731973
0.740000000000000 0.182827610047452
0.750000000000000 0.177978223955374
0.760000000000000 0.173318955462437
0.770000000000000 0.168839992318422
0.780000000000000 0.164532147078986
0.790000000000000 0.160386810177218
0.800000000000000 0.156395906738226
0.810000000000000 0.152551857216525
0.820000000000000 0.148847541419217
0.830000000000000 0.145276265495662
0.840000000000000 0.141831731649860
0.850000000000000 0.138508010331326
0.860000000000000 0.135299514748360
0.870000000000000 0.132200977305583
0.880000000000000 0.129207428027883
0.890000000000000 0.126314174548347
0.900000000000000 0.123516783771312
0.910000000000000 0.120811064777656
0.920000000000000 0.118193053220329
0.930000000000000 0.115658996725511
0.940000000000000 0.113205341449033
0.950000000000000 0.110828719601793
0.960000000000000 0.108525937901634
0.970000000000000 0.106293966762655
0.980000000000000 0.104129930460541
