0.020980000000000 0.100198507028937 227.721591845966150
0.030970000000000 0.100197846504955 104.505139949728910
0.040960000000000 0.100197182425918 59.745737606221518
0.050950000000000 0.100196514458598 38.614203804416519
0.060940000000000 0.100195842082134 26.992373604009934
0.070930000000000 0.100195164810114 19.925005375224586
0.080920000000000 0.100194481986058 15.309495655460880
0.090910000000000 0.100193792767722 12.130129999525739
0.100900000000000 0.100193096407061 9.847465087759414
0.110890000000000 0.100192391860909 8.153459115920516
0.120880000000000 0.100191678232820 6.861823050633853
0.130870000000000 0.100190954282684 5.854527263902935
0.140860000000000 0.100190218897160 5.053847770662315
0.150850000000000 0.100189470596887 4.406910658959798
0.160840000000000 0.100188708142566 3.876733613933512
0.170830000000000 0.100187929933931 3.436820739210771
0.180820000000000 0.100187134392457 3.067786724089795
0.190810000000000 0.100186319838653 2.755184059089872
0.200800000000000 0.100185484429814 2.488067181680614
0.210790000000000 0.100184626443073 2.258021130279004
0.220780000000000 0.100183743670006 2.058490599145133
0.230770000000000 0.100182834330061 1.884307716827660
0.240760000000000 0.100181895991789 1.731354018725202
0.250750000000000 0.100180926581501 1.596314743872507
0.260740000000000 0.100179923733855 1.476497717254026
0.270730000000000 0.100178884999443 1.369698121987076
0.280720000000000 0.100177807857344 1.274096339395421
0.290710000000000 0.100176689688014 1.188179926480015
0.300700000000000 0.100175527726914 1.110683425401056
0.310690000000000 0.100174319330487 1.040541500515855
0.320680000000000 0.100173061501666 0.976852127319546
0.330670000000000 0.100171751300964 0.918847445244449
0.340660000000000 0.100170385561431 0.865870507684173
0.350650000000000 0.100168961350111 0.817356594932080
0.360640000000000 0.100167475214094 0.772818104359377
0.370630000000000 0.100165923930502 0.731832249058262
0.380620000000000 0.100164304088861 0.694030987648299
0.390610000000000 0.100162612071360 0.659092732428900
0.400600000000000 0.100160844392186 0.626735487897821
0.410590000000000 0.100158997340573 0.596711140533810
0.420580000000000 0.100157067168405 0.568800690713014
0.430570000000000 0.100155049941359 0.542810245682463
0.440560000000000 0.100152941846322 0.518567643739804
0.450550000000000 0.100150738679764 0.495919596122024
0.460540000000000 0.100148436582335 0.474729257045634
0.470530000000000 0.100146031154079 0.454874151736484
0.480520000000000 0.100143518130859 0.436244403271128
0.490510000000000 0.100140893246851 0.418741208357699
0.500500000000000 0.100138152013391 0.402275524914044
0.510490000000000 0.100135289971917 0.386766937279703
0.520480000000000 0.100132302375646 0.372142672347457
0.530470000000000 0.100129184641326 0.358336744427206
0.540460000000000 0.100125931979335 0.345289209146823
0.550450000000000 0.100122539528014 0.332945512142485
0.560440000000000 0.100119002428114 0.321255917534789
0.570430000000000 0.100115315536961 0.310175005890317
0.580420000000000 0.100111473880195 0.299661232817718
0.590410000000000 0.100107472302666 0.289676538482309
0.600400000000000 0.100103305499496 0.280186002995999
0.610390000000000 0.100098968232479 0.271157540381599
0.620380000000000 0.100094455016420 0.262561627121055
0.630370000000000 0.100089760537436 0.254371060510390
0.640360000000000 0.100084879073538 0.246560742924220
0.650350000000000 0.100079805241124 0.239107489518569
0.660340000000000 0.100074533052325 0.231989855778868
0.670330000000000 0.100069057109554 0.225187983221968
0.680320000000000 0.100063371331921 0.218683460601072
0.690310000000000 0.100057469914402 0.212459199141221
0.700300000000000 0.100051346859453 0.206499320209133
0.710290000000000 0.100044996262290 0.200789053953196
0.720280000000000 0.100038411870970 0.195314647441655
0.730270000000000 0.100031587549496 0.190063282209385
0.740260000000000 0.100024517122931 0.185022998742187
0.750250000000000 0.100017194311232 0.180182628367612
0.760240000000000 0.100009612647667 0.175531731515491
0.770230000000000 0.100001765792492 0.171060541082357
0.780220000000000 0.099993647303074 0.166759911322622
0.790210000000000 0.099985250526516 0.162621270854737
0.800200000000000 0.099976568928428 0.158636580043621
0.810190000000000 0.099967595864149 0.154798291747209
0.820180000000000 0.099958324517463 0.151099315768345
0.830170000000000 0.099948748193304 0.147532985845411
0.840160000000000 0.099938860025299 0.144093029702851
0.850150000000000 0.099928653127258 0.140773541411124
0.860140000000000 0.099918120581612 0.137568956014977
0.870130000000000 0.099907255313088 0.134474026154135
0.880120000000000 0.099896050384672 0.131483800615702
0.890110000000000 0.099884498619421 0.128593604388416
0.900100000000000 0.099872592887573 0.125799020537197
0.910090000000000 0.099860326007938 0.123095873169401
0.920080000000000 0.099847690732846 0.120480211870018
0.930070000000000 0.099834679692570 0.117948297229906
0.940060000000000 0.099821285653304 0.115496587492440
0.950050000000000 0.099807501293780 0.113121726120414
0.960040000000000 0.099793318974328 0.110820530269443
0.970030000000000 0.099778731436958 0.108589980220725
0.980020000000000 0.099763731096352 0.106427209323970
