0.010000000000000 39.920406166499262
0.020000000000000 39.921265151103100
0.030000000000000 39.922696810087174
0.040000000000000 39.924701171106186
0.050000000000000 39.927278272340729
0.060000000000000 39.930428163158162
0.070000000000000 39.934150903615475
0.080000000000000 39.938446565083730
0.090000000000000 39.943315229393200
0.100000000000000 39.948756990058129
0.110000000000000 39.954771950760914
0.120000000000000 39.961360226498073
0.130000000000000 39.968521943343752
0.140000000000000 39.976257238092032
0.150000000000000 39.984566258857136
0.160000000000000 39.993449164194317
0.170000000000000 40.002906124088135
0.180000000000000 40.012937319279445
0.190000000000000 40.023542941507912
0.200000000000000 40.034723193560552
0.210000000000000 40.046478289150400
0.220000000000000 40.058808452989375
0.230000000000000 40.071713920654780
0.240000000000000 40.085194939323024
0.250000000000000 40.099251766168891
0.260000000000000 40.113884670275489
0.270000000000000 40.129093931239673
0.280000000000000 40.144879839693509
0.290000000000000 40.161242697631678
0.300000000000000 40.178182817841545
0.310000000000000 40.195700523988009
0.320000000000000 40.213796151238064
0.330000000000000 40.232470045339149
0.340000000000000 40.251722563219424
0.350000000000000 40.271554073145431
0.360000000000000 40.291964953988405
0.370000000000000 40.312955596212610
0.380000000000000 40.334526400953713
0.390000000000000 40.356677780691825
0.400000000000000 40.379410158681523
0.410000000000000 40.402723969655199
0.420000000000000 40.426619659428980
0.430000000000000 40.451097684557077
0.440000000000000 40.476158513035138
0.450000000000000 40.501802624360913
0.460000000000000 40.528030508285163
0.470000000000000 40.554842666503347
0.480000000000000 40.582239611388410
0.490000000000000 40.610221866827487
0.500000000000000 40.638789967682293
0.510000000000000 40.667944460255967
0.520000000000000 40.697685901832308
0.530000000000000 40.728014860881864
0.540000000000000 40.758931917486429
0.550000000000000 40.790437662447708
0.560000000000000 40.822532698208917
0.570000000000000 40.855217638272734
0.580000000000000 40.888493107662121
0.590000000000000 40.922359742259381
0.600000000000000 40.956818189649013
0.610000000000000 40.991869108759907
0.620000000000000 41.027513169325786
0.630000000000000 41.063751053249391
0.640000000000000 41.100583452783511
0.650000000000000 41.138011072483394
0.660000000000000 41.176034627793946
0.670000000000000 41.214654845553014
0.680000000000000 41.253872463973195
0.690000000000000 41.293688233284534
0.700000000000000 41.334102914048955
0.710000000000000 41.375117279349070
0.720000000000000 41.416732113248145
0.730000000000000 41.458948211287250
0.740000000000000 41.501766380351917
0.750000000000000 41.545187439175301
0.760000000000000 41.589212218168541
0.770000000000000 41.633841558371692
0.780000000000000 41.679076313600184
0.790000000000000 41.724917348340874
0.800000000000000 41.771365538976781
0.810000000000000 41.818421773647664
0.820000000000000 41.866086951837737
0.830000000000000 41.914361985078969
0.840000000000000 41.963247795859694
0.850000000000000 42.012745319061651
0.860000000000000 42.062855500911006
0.870000000000000 42.113579299396712
0.880000000000000 42.164917684385728
0.890000000000000 42.216871637156153
0.900000000000000 42.269442151088398
0.910000000000000 42.322630231252937
0.920000000000000 42.376436894282961
0.930000000000000 42.430863169095886
0.940000000000000 42.485910096171814
0.950000000000000 42.541578727808279
0.960000000000000 42.597870128295959
0.970000000000000 42.654785373827814
0.980000000000000 42.712325552571805
