0.010000000000000 0.001996005954812 
0.020000000000000 0.003992011685411 
0.030000000000000 0.005988016967702 
0.040000000000000 0.007984021577973 
0.050000000000000 0.009980025291183 
0.060000000000000 0.011976027884446 
0.070000000000000 0.013972029133054 
0.080000000000000 0.015968028812653 
0.090000000000000 0.017964026700058 
0.100000000000000 0.019960022569913 
0.110000000000000 0.021956016198877 
0.120000000000000 0.023952007362885 
0.130000000000000 0.025947995837613 
0.140000000000000 0.027943981399130 
0.150000000000000 0.029939963823118 
0.160000000000000 0.031935942885642 
0.170000000000000 0.033931918362577 
0.180000000000000 0.035927890029700 
0.190000000000000 0.037923857663440 
0.200000000000000 0.039919821038953 
0.210000000000000 0.041915779932781 
0.220000000000000 0.043911734120629 
0.230000000000000 0.045907683377828 
0.240000000000000 0.047903627481412 
0.250000000000000 0.049899566206488 
0.260000000000000 0.051895499328912 
0.270000000000000 0.053891426625225 
0.280000000000000 0.055887347870830 
0.290000000000000 0.057883262842231 
0.300000000000000 0.059879171314142 
0.310000000000000 0.061875073063801 
0.320000000000000 0.063870967866527 
0.330000000000000 0.065866855498692 
0.340000000000000 0.067862735735651 
0.350000000000000 0.069858608353530 
0.360000000000000 0.071854473128203 
0.370000000000000 0.073850329836216 
0.380000000000000 0.075846178252713 
0.390000000000000 0.077842018154138 
0.400000000000000 0.079837849316134 
0.410000000000000 0.081833671514744 
0.420000000000000 0.083829484526149 
0.430000000000000 0.085825288125595 
0.440000000000000 0.087821082090172 
0.450000000000000 0.089816866195098 
0.460000000000000 0.091812640216513 
0.470000000000000 0.093808403930089 
0.480000000000000 0.095804157111775 
0.490000000000000 0.097799899538933 
0.500000000000000 0.099795630985615 
0.510000000000000 0.101791351228713 
0.520000000000000 0.103787060044451 
0.530000000000000 0.105782757208392 
0.540000000000000 0.107778442496326 
0.550000000000000 0.109774115685052 
0.560000000000000 0.111769776549675 
0.570000000000000 0.113765424866417 
0.580000000000000 0.115761060412296 
0.590000000000000 0.117756682962142 
0.600000000000000 0.119752292292571 
0.610000000000000 0.121747888179010 
0.620000000000000 0.123743470397819 
0.630000000000000 0.125739038725057 
0.640000000000000 0.127734592937097 
0.650000000000000 0.129730132809342 
0.660000000000000 0.131725658118541 
0.670000000000000 0.133721168639817 
0.680000000000000 0.135716664149685 
0.690000000000000 0.137712144424803 
0.700000000000000 0.139707609240486 
0.710000000000000 0.141703058372690 
0.720000000000000 0.143698491598146 
0.730000000000000 0.145693908692755 
0.740000000000000 0.147689309431881 
0.750000000000000 0.149684693592521 
0.760000000000000 0.151680060950551 
0.770000000000000 0.153675411281655 
0.780000000000000 0.155670744362576 
0.790000000000000 0.157666059968453 
0.800000000000000 0.159661357876209 
0.810000000000000 0.161656637861770 
0.820000000000000 0.163651899701282 
0.830000000000000 0.165647143170662 
0.840000000000000 0.167642368046638 
0.850000000000000 0.169637574104513 
0.860000000000000 0.171632761120875 
0.870000000000000 0.173627928871852 
0.880000000000000 0.175623077134105 
0.890000000000000 0.177618205682839 
0.900000000000000 0.179613314294394 
0.910000000000000 0.181608402745694 
0.920000000000000 0.183603470812419 
0.930000000000000 0.185598518270545 
0.940000000000000 0.187593544896763 
0.950000000000000 0.189588550466980 
0.960000000000000 0.191583534757778 
0.970000000000000 0.193578497544593 
0.980000000000000 0.195573438604351 
