0.010000000000000 0.117322653030548
0.020000000000000 0.234647492645510
0.030000000000000 0.351976705547768
0.040000000000000 0.469312478592670
0.050000000000000 0.586656998533276
0.060000000000000 0.704012452560788
0.070000000000000 0.821381027933345
0.080000000000000 0.938764912229409
0.090000000000000 1.056166293295237
0.100000000000000 1.173587359394261
0.110000000000000 1.291030299115610
0.120000000000000 1.408497301605715
0.130000000000000 1.525990556416735
0.140000000000000 1.643512253583041
0.150000000000000 1.761064583815346
0.160000000000000 1.878649738458974
0.170000000000000 1.996269909448018
0.180000000000000 2.113927289413994
0.190000000000000 2.231624071851766
0.200000000000000 2.349362451097775
0.210000000000000 2.467144622048302
0.220000000000000 2.584972780802071
0.230000000000000 2.702849124176233
0.240000000000000 2.820775850156686
0.250000000000000 2.938755157668632
0.260000000000000 3.056789246557868
0.270000000000000 3.174880318082439
0.280000000000000 3.293030574349604
0.290000000000000 3.411242218910508
0.300000000000000 3.529517456523756
0.310000000000000 3.647858493037588
0.320000000000000 3.766267535949718
0.330000000000000 3.884746793874534
0.340000000000000 4.003298476983464
0.350000000000000 4.121924796880159
0.360000000000000 4.240627966779171
0.370000000000000 4.359410201342664
0.380000000000000 4.478273716861064
0.390000000000000 4.597220731270530
0.400000000000000 4.716253464261292
0.410000000000000 4.835374137248330
0.420000000000000 4.954584973407521
0.430000000000000 5.073888197766184
0.440000000000000 5.193286037215717
0.450000000000000 5.312780720584208
0.460000000000000 5.432374478746803
0.470000000000000 5.552069544317613
0.480000000000000 5.671868152331169
0.490000000000000 5.791772539689252
0.500000000000000 5.911784945546866
0.510000000000000 6.031907611166792
0.520000000000000 6.152142780213044
0.530000000000000 6.272492698368549
0.540000000000000 6.392959614028523
0.550000000000000 6.513545777540131
0.560000000000000 6.634253442023773
0.570000000000000 6.755084862836494
0.580000000000000 6.876042298035883
0.590000000000000 6.997128008081672
0.600000000000000 7.118344256167602
0.610000000000000 7.239693308021860
0.620000000000000 7.361177432169856
0.630000000000000 7.482798899837811
0.640000000000000 7.604559985038149
0.650000000000000 7.726462964680735
0.660000000000000 7.848510118453850
0.670000000000000 7.970703729113050
0.680000000000000 8.093046082212901
0.690000000000000 8.215539466546341
0.700000000000000 8.338186173712941
0.710000000000000 8.460988498671838
0.720000000000000 8.583948739517053
0.730000000000000 8.707069197342610
0.740000000000000 8.830352176717895
0.750000000000000 8.953799985461991
0.760000000000000 9.077414934648148
0.770000000000000 9.201199338846621
0.780000000000000 9.325155516062337
0.790000000000000 9.449285787745135
0.800000000000000 9.573592478925656
0.810000000000000 9.698077918190466
0.820000000000000 9.822744437779891
0.830000000000000 9.947594373630167
0.840000000000000 10.072630065344894
0.850000000000000 10.197853856309848
0.860000000000000 10.323268093840520
0.870000000000000 10.448875128936276
0.880000000000000 10.574677316722815
0.890000000000000 10.700677016066894
0.900000000000000 10.826876590121799
0.910000000000000 10.953278405832199
0.920000000000000 11.079884834372171
0.930000000000000 11.206698251094585
0.940000000000000 11.333721035554705
0.950000000000000 11.460955571474804
0.960000000000000 11.588404247030210
0.970000000000000 11.716069454504362
0.980000000000000 11.843953590908242
