0.010000000000000 39.920329528025228
0.020000000000000 39.920958595327349
0.030000000000000 39.922007052840250
0.040000000000000 39.923474918444604
0.050000000000000 39.925362217521375
0.060000000000000 39.927668982460702
0.070000000000000 39.930395252952927
0.080000000000000 39.933541075776397
0.090000000000000 39.937106505100623
0.100000000000000 39.941091601989079
0.110000000000000 39.945496435144989
0.120000000000000 39.950321080262562
0.130000000000000 39.955565620105816
0.140000000000000 39.961230144836009
0.150000000000000 39.967314751993399
0.160000000000000 39.973819545921287
0.170000000000000 39.980744638505712
0.180000000000000 39.988090148817719
0.190000000000000 39.995856203040610
0.200000000000000 40.004042934730634
0.210000000000000 40.012650484477490
0.220000000000000 40.021679000104392
0.230000000000000 40.031128637062167
0.240000000000000 40.040999557792631
0.250000000000000 40.051291931613385
0.260000000000000 40.062005935651548
0.270000000000000 40.073141754067670
0.280000000000000 40.084699578061802
0.290000000000000 40.096679606613186
0.300000000000000 40.109082045267620
0.310000000000000 40.121907107550214
0.320000000000000 40.135155013716336
0.330000000000000 40.148825991430698
0.340000000000000 40.162920275840108
0.350000000000000 40.177438109021757
0.360000000000000 40.192379740728938
0.370000000000000 40.207745427821166
0.380000000000000 40.223535433948804
0.390000000000000 40.239750031263007
0.400000000000000 40.256389497881173
0.410000000000000 40.273454120148628
0.420000000000000 40.290944191310707
0.430000000000000 40.308860012070610
0.440000000000000 40.327201890510580
0.450000000000000 40.345970141722020
0.460000000000000 40.365165088502792
0.470000000000000 40.384787061029790
0.480000000000000 40.404836396173778
0.490000000000000 40.425313439136517
0.500000000000000 40.446218541516529
0.510000000000000 40.467552063031086
0.520000000000000 40.489314370297514
0.530000000000000 40.511505837669880
0.540000000000000 40.534126846529645
0.550000000000000 40.557177785958629
0.560000000000000 40.580659052150928
0.570000000000000 40.604571048788785
0.580000000000000 40.628914187297291
0.590000000000000 40.653688886153155
0.600000000000000 40.678895571260611
0.610000000000000 40.704534676109084
0.620000000000000 40.730606641761064
0.630000000000000 40.757111916227586
0.640000000000000 40.784050955656618
0.650000000000000 40.811424223150730
0.660000000000000 40.839232189434071
0.670000000000000 40.867475332937218
0.680000000000000 40.896154139099970
0.690000000000000 40.925269101250407
0.700000000000000 40.954820720265467
0.710000000000000 40.984809504382923
0.720000000000000 41.015235969231675
0.730000000000000 41.046100638329030
0.740000000000000 41.077404042504597
0.750000000000000 41.109146720070086
0.760000000000000 41.141329217237704
0.770000000000000 41.173952087459234
0.780000000000000 41.207015892183939
0.790000000000000 41.240521199651994
0.800000000000000 41.274468586743751
0.810000000000000 41.308858637178972
0.820000000000000 41.343691942814381
0.830000000000000 41.378969102703806
0.840000000000000 41.414690723983469
0.850000000000000 41.450857421047360
0.860000000000000 41.487469816359706
0.870000000000000 41.524528539763807
0.880000000000000 41.562034228766919
0.890000000000000 41.599987528946556
0.900000000000000 41.638389093186561
0.910000000000000 41.677239582447029
0.920000000000000 41.716539665230812
0.930000000000000 41.756290017583531
0.940000000000000 41.796491324015129
0.950000000000000 41.837144276129642
0.960000000000000 41.878249573552850
0.970000000000000 41.919807923701832
0.980000000000000 41.961820041966952
