0.039600000000000 0.000400007499849 1.000006583328681
0.059200000000000 0.000400029402463 0.255082347628792
0.078800000000000 0.000400065712189 0.114140692607848
0.098400000000000 0.000400116431060 0.064424318632862
0.118000000000000 0.000400181561919 0.041317652180694
0.137600000000000 0.000400261108424 0.028733636315071
0.157200000000000 0.000400355074993 0.021132540906044
0.176800000000000 0.000400463466973 0.016192827507353
0.196400000000000 0.000400586290314 0.012802879036147
0.216000000000000 0.000400723551977 0.010376210848218
0.235600000000000 0.000400875259633 0.008579639544881
0.255200000000000 0.000401041421764 0.007212502165694
0.274800000000000 0.000401222047681 0.006148092090348
0.294400000000000 0.000401417147462 0.005303207374417
0.314000000000000 0.000401626732052 0.004621383409758
0.333600000000000 0.000401850813176 0.004063207862589
0.353200000000000 0.000402089403339 0.003600494486293
0.372800000000000 0.000402342515904 0.003212653672288
0.392400000000000 0.000402610165070 0.002884361715868
0.412000000000000 0.000402892365654 0.002604023620754
0.431600000000000 0.000403189133509 0.002362735044617
0.451200000000000 0.000403500485311 0.002153566397346
0.470800000000000 0.000403826438318 0.001971059697179
0.490400000000000 0.000404167010797 0.001810868876628
0.510000000000000 0.000404522221662 0.001669498630797
0.529600000000000 0.000404892090867 0.001544112120738
0.549200000000000 0.000405276638952 0.001432387539103
0.568800000000000 0.000405675887313 0.001332409847021
0.588400000000000 0.000406089858329 0.001242588160543
0.608000000000000 0.000406518575102 0.001161592069426
0.627600000000000 0.000406962061413 0.001088302087444
0.647200000000000 0.000407420341852 0.001021770760686
0.666800000000000 0.000407893442049 0.000961191892183
0.686400000000000 0.000408381388423 0.000905876003168
0.706000000000000 0.000408884207919 0.000855230627337
0.725600000000000 0.000409401928660 0.000808744380174
0.745200000000000 0.000409934579318 0.000765973998707
0.764800000000000 0.000410482189338 0.000726533735341
0.784400000000000 0.000411044789419 0.000690086629424
0.804000000000000 0.000411622410509 0.000656337285898
0.823600000000000 0.000412215084847 0.000625025871011
0.843200000000000 0.000412822845121 0.000595923096049
0.862800000000000 0.000413445725131 0.000568826007586
0.882400000000000 0.000414083759251 0.000543554439404
0.902000000000000 0.000414736982774 0.000519948009844
0.921600000000000 0.000415405432095 0.000497863570828
0.941200000000000 0.000416089143804 0.000477173032493
0.960800000000000 0.000416788155979 0.000457761501633
