coef 2499.938993706327400 -0.016477381104066 1.000474763962743
0.020000000000000 0.000400009804667 0.999525569832364
coef 2499.760844771940800 -0.033287921148333 3.922254439698668
0.039600000000000 0.000400038313708 0.254955441670079
coef 2499.465560966359600 -0.051405930486647 8.765719158189002
0.059200000000000 0.000400085576785 0.114080784766889
coef 2499.053196091103000 -0.071478116794317 15.530835679350025
0.078800000000000 0.000400151598694 0.064388044035904
coef 2498.523826569928600 -0.094150313226343 24.217557539881845
0.098400000000000 0.000400236385926 0.041292361744182
coef 2497.877549023628000 -0.120067329569001 34.825825035371970
0.118000000000000 0.000400339947053 0.028714328079958
coef 2497.114483531908300 -0.149873157482675 47.355565250042865
0.137600000000000 0.000400462292195 0.021116846239074
coef 2496.234769446736200 -0.184210226446871 61.806691995770812
0.157200000000000 0.000400603433692 0.016179481341756
coef 2495.238568261088900 -0.223719330562688 78.179105766105650
0.176800000000000 0.000400763385629 0.012791144728118
coef 2494.126064498013000 -0.269039622814627 96.472693745168058
0.196400000000000 0.000400942163693 0.010365630542707
coef 2492.897461480036800 -0.320808072051878 116.687329753016910
0.216000000000000 0.000401139785834 0.008569913768020
coef 2491.552984473159500 -0.379659331099546 138.822874176177550
0.235600000000000 0.000401356271757 0.007203426831973
coef 2490.092879953374000 -0.446225678787799 162.879173986711780
0.255200000000000 0.000401591643023 0.006139523343981
coef 2488.517415585052300 -0.521136665168879 188.856062634500260
0.274800000000000 0.000401845923042 0.005295040910641
coef 2486.826879605098400 -0.605018868778461 216.753360019380950
0.294400000000000 0.000402119137158 0.004613541764703
coef 2485.021580780430200 -0.698495727933002 246.570872425866160
0.314000000000000 0.000402411312641 0.004055632307350
coef 2483.101849690975500 -0.802187544922782 278.308392531620710
0.333600000000000 0.000402722478460 0.003593139689676
coef 2481.068036649550300 -0.916710717694751 311.965699156893150
0.353200000000000 0.000403052665607 0.003205484091446
coef 2478.920510526956600 -1.042677705365910 347.542557322915230
0.372800000000000 0.000403401907269 0.002877349092491
coef 2476.659665300474000 -1.180697763544456 385.038718322194770
0.392400000000000 0.000403770237742 0.002597145207170
coef 2474.285909415466400 -1.331375017180082 424.453919289720320
0.412000000000000 0.000404157694143 0.002355972326687
coef 2471.799674882788200 -1.495309574278551 465.787883385470710
0.431600000000000 0.000404564314907 0.002146904154713
coef 2469.201413084545500 -1.673097328768971 509.040319799344160
0.451200000000000 0.000404990140446 0.001964485303381
coef 2466.491592734813400 -1.865328479126192 554.210923182820010
0.470800000000000 0.000405435213463 0.001804371771785
coef 2463.670704436332000 -2.072588972091856 601.299374264023530
0.490400000000000 0.000405899578181 0.001663069915766
coef 2460.739257361691700 -2.295458959991348 650.305338951529730
0.510000000000000 0.000406383280857 0.001537744245424
coef 2457.697779578296800 -2.534513674886349 701.228469018920690
0.529600000000000 0.000406886369708 0.001426074056537
coef 2454.546817672566700 -2.790322409736936 754.068401324051710
0.549200000000000 0.000407408894943 0.001326145220802
coef 2451.286938034929800 -3.063448974944302 808.824758288054000
0.568800000000000 0.000407950908521 0.001236367610128
coef 2447.918724854714600 -3.354450784937576 865.497147205536290
0.588400000000000 0.000408512464455 0.001155411446825
coef 2444.442779028999700 -3.663879495321544 924.085160768046880
0.608000000000000 0.000409093618965 0.001082157776450
coef 2440.859721180972900 -3.992279963913890 984.588376220111740
0.627600000000000 0.000409694429944 0.001015659595619
coef 2437.170190327072800 -4.340190966540366 1047.006355924391300
0.647200000000000 0.000410314957145 0.000955111090339
coef 2433.374840574043900 -4.708144295987327 1111.338646956275600
0.666800000000000 0.000410955262703 0.000899823109366
coef 2429.474345665882100 -5.096664686845534 1177.584780462443000
0.686400000000000 0.000411615410340 0.000849203468228
coef 2425.469395926088500 -5.506271028735281 1245.744272908051700
0.706000000000000 0.000412295465842 0.000802741024965
coef 2421.360697169383900 -5.937473260766382 1315.816624160829900
0.725600000000000 0.000412995497208 0.000759992727471
coef 2417.148974040162100 -6.390775417194907 1387.801318720854900
0.745200000000000 0.000413715574049 0.000720573011329
coef 2412.834962398909700 -6.866672334864921 1461.697825224208600
0.764799999999999 0.000414455768846 0.000684145075804
coef 2408.419422497772300 -7.365653653930393 1537.505595723473600
0.784399999999999 0.000415216154667 0.000650413666276
coef 2403.903123616111800 -7.888199063210637 1615.224066683738800
0.803999999999999 0.000415996807744 0.000619119072194
coef 2399.286852781950500 -8.434781152462810 1694.852657410499400
0.823599999999999 0.000416797805954 0.000590032113837
coef 2394.571409349166500 -9.005863754903862 1776.390771195744900
0.843199999999999 0.000417619229709 0.000562949934029
coef 2389.757612741943800 -9.601903217359336 1859.837794309019300
0.862799999999999 0.000418461160569 0.000537692452087
coef 2384.846292938695100 -10.223347306215926 1945.193096824673600
0.882399999999999 0.000419323682859 0.000514099362289
coef 2379.838297185848200 -10.870635308434224 2032.456030640223800
0.901999999999999 0.000420206882451 0.000492027584617
coef 2374.734483111296400 -11.544197334533028 2121.625931504272100
0.921599999999999 0.000421110847930 0.000471349089838
coef 2369.535725896891100 -12.244455737096427 2212.702117425111700
0.941199999999999 0.000422035669293 0.000451949039194
